Size of the state?
16
0: ordered; others: disordered.
0
Temperature begin/end/step?
0 5 0.01
Thermalization steps? (10000+)
10000
Number of the workers?
1024
Done, time elapsed: 81s.
====Mavg====
1 1 1 1 1 1 1 1 1 1 1 1 1 1 1 1 1 1 1 1 1 1 1 1 1 1 1 1 1 1 1 1 1 1 1 1 1 1 1 1 1 1 1 1 1 1 1 1 1 1 1 1 1 1 1 1 1 1 0.999985 1 1 1 0.999992 1 0.999992 1 0.999969 0.999985 0.999977 0.999977 0.999977 0.999962 0.999954 0.999954 0.999977 0.999985 0.999916 0.999916 0.999916 0.999916 0.999886 0.99987 0.999825 0.999878 0.999886 0.999855 0.999847 0.999779 0.999817 0.999756 0.999657 0.999756 0.999725 0.999695 0.99955 0.999405 0.999413 0.999435 0.999306 0.999374 0.999336 0.999176 0.999084 0.999168 0.998894 0.998817 0.998817 0.998627 0.998734 0.998543 0.998466 0.998192 0.998413 0.998161 0.997978 0.997803 0.997604 0.99749 0.997505 0.997383 0.997337 0.997086 0.996635 0.996307 0.996338 0.995926 0.995857 0.995712 0.995445 0.994675 0.994705 0.994255 0.994385 0.994019 0.993332 0.993431 0.992554 0.992149 0.992249 0.99189 0.991302 0.991226 0.990601 0.990494 0.989548 0.989182 0.98922 0.988045 0.987793 0.987442 0.986404 0.985123 0.985329 0.984085 0.984451 0.98288 0.983131 0.981339 0.981865 0.981316 0.979797 0.978897 0.978745 0.9776 0.976105 0.974075 0.974144 0.973053 0.972984 0.971191 0.97023 0.96862 0.966888 0.967209 0.964935 0.96376 0.962181 0.962349 0.959282 0.958313 0.956665 0.955734 0.954109 0.954239 0.952133 0.949226 0.945351 0.944725 0.942413 0.940704 0.937424 0.935936 0.933868 0.931923 0.930115 0.925591 0.924271 0.920639 0.915497 0.914742 0.912766 0.90731 0.90683 0.90239 0.895714 0.895866 0.888229 0.881378 0.880867 0.873405 0.868591 0.858261 0.851433 0.840942 0.838295 0.825203 0.807518 0.80632 0.799736 0.785507 0.771584 0.755852 0.744919 0.723969 0.707893 0.689468 0.655617 0.641586 0.600922 0.577805 0.548218 0.527924 0.499184 0.453247 0.40361 0.344673 0.308243 0.278252 0.249107 0.217339 0.183746 0.152786 0.122055 0.0834122 0.0401688 0.0593948 0.037674 0.00405884 0.0088501 -0.00293732 -0.00496674 0.0109711 0.0261536 0.0242081 0.0124741 0.0065155 -0.0161362 -0.00833893 0.000236511 -0.0124054 0.00346375 -0.0116653 -0.0196762 -0.0130081 0.0127945 -0.000297546 -0.0046463 -0.000610352 0.00273132 0.011734 0.0124664 0.00376892 0.0133133 -0.00411987 0.00531006 0.00835419 0.001091 0.00105286 -0.0121536 0.00297546 -0.000656128 -0.00332642 -0.00174713 -0.00511932 0.00358582 0.0131378 0.00315094 0.00896454 0.00424957 0.00629425 0.00604248 0.00551605 -0.0101547 -0.00236511 -0.00642395 -0.00533295 0.0131302 -0.00063324 0.0127182 -0.0103149 -0.00188446 0.00553894 0.00138092 -0.0105133 -0.00119781 0.0138321 0.0105896 0.000671387 0.00341797 -0.00627136 0.00553131 0.00309753 -0.00624847 -0.0043335 -0.00284576 0.00547791 -0.000778198 -0.00267792 0.00157166 -0.00340271 0.000671387 0.00427246 -0.00301361 0.00144196 -0.00505829 0.00629425 0.0083847 0.0103607 0.00437164 -0.00556183 -0.00201416 0.0107956 0.00228882 -0.00311279 -0.00337982 -0.00222015 -0.00873566 0.00419617 0.00463867 0.00130463 0.00344849 0.0039978 -0.0100555 -0.000320435 0.00349426 -0.0112076 -0.00545502 -0.00149536 0.00671387 0.00469208 0.00258636 -0.0069046 0.0018692 0.00312042 -0.00200653 0.00300598 0.00140381 0.00197601 0.00583649 -0.00195312 0.009552 0.00356293 -0.00373077 -0.00131989 -0.00563049 -0.00164032 0.00372314 0.000785828 -0.00536346 -0.000541687 -0.00383759 0.0038147 -0.000205994 -0.00520325 0.000923157 -0.000564575 0.00997162 0.00205994 -0.00276947 0.00106049 0.00435638 0.0029068 0.00440979 0.00275421 0.00225067 0.000389099 0.00244904 0.00362396 -0.00691223 0.00228119 -0.00583649 -0.00403595 -0.00306702 0.00257874 -0.00792694 -0.00418854 0.00188446 0.00286865 -0.00330353 0.00398254 -0.000480652 0.00354004 -0.00270081 0.000709534 0.0033493 -0.00177002 0.0001297 0.000312805 -0.00202942 0.00236511 0.000854492 0.00087738 0.00578308 0.00250244 -0.00125122 0.00647736 -0.00494385 -0.000694275 -0.000602722 0.00536346 -0.00328827 -0.00161743 -0.000770569 -0.005867 0.000671387 -0.00727844 -0.00038147 0.0020752 0.00448608 0.000305176 0.00102234 -0.000648499 -0.000541687 0.00107574 0.00102234 0.00741577 0.00100708 0.0043869 0.00476074 -0.000366211 0.00289917 -0.00102234 0.00273132 -0.00431824 -0.00518036 -0.00615692 0.00515747 -0.00222778 -0.000221252 -0.000747681 0.00190735 -0.00437927 -0.00462341 0.0041275 -0.00216675 0.000167847 -0.00806427 -0.00688934 -0.000556946 -0.00450897 -0.00201416 -0.00391388 0.000198364 -0.0046463 0.00429535 -0.00251007 0.00458527 0.00879669 -0.00756073 -0.00507355 0.00201416 -0.00232697 -0.00247192 -3.8147e-05 0.000511169 0.00260162 0.00114441 0.00257111 -0.00192261 -0.000450134 -0.00578308 -0.00164795 0.0017395 0.00196075 -0.00505066 -0.00222778 -0.00205231 0.00109863 0.001297 -0.00285339 0.00495911 -0.00379944 0.00189972 0.00062561 0.000991821 0.000419617 0.00398254 0.00274658 -0.00314331 -0.00357056 -0.00375366 
====M2avg====
1 1 1 1 1 1 1 1 1 1 1 1 1 1 1 1 1 1 1 1 1 1 1 1 1 1 1 1 1 1 1 1 1 1 1 1 1 1 1 1 1 1 1 1 1 1 1 1 1 1 1 1 1 1 1 1 1 1 0.99997 1 1 1 0.999985 1 0.999985 1 0.999939 0.99997 0.999954 0.999954 0.999954 0.999924 0.999909 0.999909 0.999954 0.99997 0.999833 0.999833 0.999833 0.999833 0.999772 0.999742 0.999651 0.999757 0.999772 0.999711 0.999696 0.999559 0.999635 0.999514 0.999316 0.999514 0.999453 0.999392 0.999104 0.998815 0.99883 0.998876 0.998618 0.998754 0.998678 0.998361 0.998177 0.998345 0.997798 0.997646 0.997646 0.997267 0.99748 0.9971 0.996949 0.996403 0.996845 0.996343 0.995979 0.995631 0.995236 0.995007 0.995039 0.994798 0.994708 0.994204 0.993315 0.992663 0.992722 0.991917 0.991774 0.991482 0.990955 0.98943 0.989489 0.988604 0.988857 0.988135 0.986773 0.986977 0.98525 0.984449 0.984639 0.983932 0.982769 0.982622 0.981392 0.981177 0.979342 0.978602 0.978679 0.976366 0.975874 0.975185 0.973158 0.970631 0.971039 0.968633 0.969326 0.966264 0.966758 0.963258 0.964268 0.963247 0.960268 0.958521 0.958233 0.955986 0.953103 0.949174 0.949315 0.947254 0.947085 0.943684 0.941772 0.93868 0.935462 0.935975 0.931687 0.929458 0.926485 0.926676 0.920955 0.919072 0.915911 0.914186 0.911245 0.911438 0.907455 0.902005 0.894782 0.893662 0.889461 0.886152 0.880194 0.877622 0.874395 0.870379 0.866973 0.858791 0.856715 0.849956 0.840993 0.839801 0.836059 0.826556 0.825107 0.81767 0.806448 0.806619 0.793628 0.783107 0.786396 0.775565 0.768579 0.753167 0.74447 0.732053 0.7305 0.714473 0.688468 0.688461 0.68543 0.668177 0.656021 0.643006 0.62882 0.610663 0.6051 0.584002 0.558712 0.562482 0.531559 0.529258 0.511654 0.493297 0.469388 0.444801 0.421975 0.406783 0.390512 0.37021 0.360592 0.34828 0.332393 0.312238 0.303223 0.276111 0.275675 0.25421 0.238837 0.239959 0.230588 0.222304 0.207303 0.193984 0.186491 0.183307 0.182271 0.154757 0.157804 0.151105 0.136988 0.144728 0.129113 0.132841 0.123181 0.115254 0.111983 0.114619 0.113064 0.105365 0.0996679 0.0894688 0.0886368 0.0932341 0.0861314 0.0873091 0.084233 0.0756212 0.0711952 0.0718724 0.0701738 0.0708535 0.0694867 0.0687474 0.0664235 0.060194 0.0579499 0.0610369 0.055261 0.0570238 0.0562138 0.0593889 0.0534701 0.0506348 0.0523053 0.0510161 0.053315 0.0538494 0.044899 0.044912 0.0482357 0.0448827 0.0453514 0.0384158 0.0449304 0.0388892 0.0419819 0.0411641 0.0381645 0.042779 0.0402327 0.0391512 0.0371272 0.0364877 0.0379003 0.0368598 0.0360658 0.0347499 0.0363183 0.0351837 0.0361819 0.0345247 0.0347775 0.0306821 0.0290368 0.03259 0.0327548 0.0309924 0.0294016 0.0296503 0.0280901 0.0287519 0.029954 0.0297704 0.0298773 0.0286905 0.027925 0.0276247 0.0283648 0.0263863 0.0279795 0.0264608 0.0254462 0.0285084 0.0261118 0.0256804 0.0249742 0.0255212 0.0259021 0.0251367 0.0236086 0.0231915 0.0251289 0.0224541 0.0252851 0.0216632 0.0243563 0.0214088 0.0230186 0.0214133 0.0222622 0.024006 0.0225623 0.0214307 0.0220591 0.0218993 0.0236745 0.0230922 0.0221032 0.0198014 0.0203852 0.0204163 0.0193252 0.0194744 0.0208836 0.0213386 0.0185649 0.0200543 0.0196244 0.0190704 0.0195648 0.0178033 0.0188382 0.0182171 0.0178809 0.019026 0.0171861 0.0184687 0.0186803 0.0197988 0.0180279 0.0182093 0.0178868 0.0181635 0.0175232 0.0188383 0.0180883 0.0178775 0.0177017 0.0166296 0.0162689 0.0148567 0.0168135 0.0164795 0.0161723 0.0172917 0.0174181 0.0158397 0.017929 0.016352 0.0158474 0.0163767 0.0153395 0.0163572 0.0147886 0.0156001 0.0171143 0.0152541 0.0152302 0.0143625 0.0149383 0.0151181 0.0156962 0.0161852 0.0161954 0.0147336 0.015407 0.0142622 0.0146908 0.0136034 0.0146551 0.0132133 0.0150685 0.0144674 0.0152685 0.014275 0.0137788 0.0133077 0.0137951 0.0132857 0.0135497 0.0136489 0.0135168 0.013188 0.0134428 0.0136278 0.013342 0.0136573 0.0134032 0.0135565 0.0128219 0.0123259 0.0126368 0.0133283 0.0136465 0.0131173 0.0128324 0.0133082 0.0132975 0.0130596 0.0127005 0.0121053 0.0132322 0.0130683 0.0130382 0.0133029 0.0140645 0.0118297 0.0127164 0.0132509 0.0131175 0.0114217 0.0127358 0.0123093 0.0133563 0.0126017 0.0116569 0.0124004 0.0115274 0.0119726 0.0121156 0.0120721 0.0118492 0.0125592 0.0114065 0.012294 0.0116503 0.0118636 0.0111338 0.0119472 0.0112557 0.0119997 0.0114964 0.0107185 0.0108418 0.0124396 0.01171 0.0108724 0.0115384 0.011103 0.0106052 0.0113528 0.0109266 
====Eavg====
-512 -512 -512 -512 -512 -512 -512 -512 -512 -512 -512 -512 -512 -512 -512 -512 -512 -512 -512 -512 -512 -512 -512 -512 -512 -512 -512 -512 -512 -512 -512 -512 -512 -512 -512 -512 -512 -512 -512 -512 -512 -512 -512 -512 -512 -512 -512 -512 -512 -512 -512 -512 -512 -512 -512 -512 -512 -512 -511.984 -512 -512 -512 -511.992 -512 -511.992 -512 -511.969 -511.984 -511.977 -511.977 -511.977 -511.961 -511.957 -511.957 -511.977 -511.984 -511.914 -511.914 -511.914 -511.914 -511.883 -511.871 -511.82 -511.875 -511.883 -511.852 -511.848 -511.777 -511.816 -511.75 -511.648 -511.75 -511.727 -511.691 -511.547 -511.391 -511.41 -511.43 -511.309 -511.363 -511.324 -511.191 -511.074 -511.16 -510.887 -510.828 -510.816 -510.621 -510.738 -510.535 -510.488 -510.215 -510.465 -510.18 -510.02 -509.867 -509.613 -509.523 -509.516 -509.434 -509.367 -509.109 -508.715 -508.406 -508.367 -508.047 -507.98 -507.75 -507.555 -506.855 -506.891 -506.5 -506.602 -506.25 -505.578 -505.676 -504.938 -504.605 -504.57 -504.23 -503.707 -503.59 -503.012 -502.996 -502.395 -501.906 -501.863 -500.898 -500.559 -500.156 -499.395 -498.215 -498.387 -497.438 -497.727 -496.359 -496.719 -495.168 -495.406 -495.047 -493.773 -492.961 -492.996 -491.863 -490.746 -488.949 -489.203 -488.395 -488.004 -486.953 -485.816 -484.965 -483.562 -483.656 -481.914 -481.191 -479.719 -479.902 -478.051 -477.109 -475.324 -475.297 -474.078 -474.066 -472.082 -470.66 -467.797 -467.449 -466.133 -464.227 -462.184 -462.117 -461.215 -458.758 -457.871 -455.234 -454.859 -452.641 -449.59 -448.996 -448.504 -444.617 -443.695 -441.32 -438.43 -438.066 -433.832 -431.699 -431.582 -428.453 -426.234 -422.633 -420.691 -417.648 -416.457 -412.59 -405.668 -405.535 -405.102 -400.652 -396.918 -393.359 -390.809 -386.699 -384.871 -380.676 -374.688 -374.238 -369.117 -367.688 -362.559 -358.387 -353.215 -348.477 -343.805 -341.656 -337.797 -333.246 -329.242 -327.156 -320.98 -317.977 -316.887 -309.996 -309.098 -304.039 -299.836 -298.57 -296.891 -293.82 -289.777 -287.434 -284.527 -281.727 -281.582 -276.293 -275.754 -272.137 -269.332 -268.762 -265.336 -264.688 -261.68 -259.934 -258.195 -259.68 -254.898 -253.008 -251.965 -247.613 -248.035 -247.312 -244.816 -244.188 -240.926 -237.637 -238.277 -237.68 -233.805 -234.305 -232.758 -232.68 -231.066 -226.645 -225.953 -226.828 -224.648 -224.375 -221.945 -222.203 -218.66 -219.738 -218.531 -216.156 -216.973 -214.992 -211.402 -212.508 -211.844 -209.305 -210.41 -206.738 -207.348 -204.523 -204.758 -204.125 -203.391 -202.758 -201.535 -201.156 -198.535 -197.086 -198.652 -198.148 -193.465 -195.398 -194.27 -193.676 -193.41 -192.414 -190.352 -187.945 -187.871 -189.152 -186.793 -185.754 -185.305 -185.863 -184.051 -182.219 -183.414 -182.691 -181.145 -182.633 -180.562 -178.77 -179.453 -177.133 -177.422 -177.191 -175.996 -174.324 -174.609 -173.379 -172.758 -173.215 -170.934 -170.543 -170.477 -169.266 -169.598 -168.102 -168.254 -166.66 -166.648 -165.352 -165.211 -165.215 -163.699 -164.547 -162.539 -163.59 -162.574 -161.184 -160.148 -161.016 -158.602 -158.711 -156.555 -156.375 -157.441 -156.035 -155.422 -155.547 -156.098 -153.496 -153.695 -152.945 -152.035 -151.363 -150.691 -150.867 -151.184 -150.562 -150.121 -148.336 -149.316 -148.77 -147.715 -147.559 -147.215 -146.617 -145.957 -147.035 -144.758 -143.84 -144.418 -143.293 -143.457 -142.566 -142.059 -142.086 -143.16 -140.766 -140.406 -140.344 -141.48 -139.875 -138.184 -140.559 -137.777 -137.371 -137.957 -136.949 -137.414 -135.344 -135.633 -135.648 -135.363 -135.609 -135.031 -134.578 -133.066 -133.359 -133.602 -133.41 -130.82 -130.652 -132.012 -130.305 -131.738 -130.367 -129.449 -130.109 -129.023 -127.941 -128.875 -127.836 -128.719 -127.262 -125.496 -125.234 -126.047 -124.449 -124.438 -125.43 -125.762 -125.109 -124.414 -123.785 -124.902 -123.941 -122.594 -122.527 -123.461 -122.34 -122.562 -121.684 -121.848 -122.441 -121.863 -120.199 -119.195 -121.152 -119.59 -117.762 -117.801 -119.613 -117.996 -117.098 -116.57 -116.832 -115.996 -116.66 -116.324 -115.977 -116.219 -115.938 -116.258 -116.223 -115.41 -113.652 -114.582 -114.766 -113.289 -112.758 -113.75 -112.871 -113.387 -113.363 -113.355 -112.395 -110.121 -113.102 -109.285 -111.785 -110.641 -109.656 -109.789 -111.125 -110.074 
====E2avg====
262144 262144 262144 262144 262144 262144 262144 262144 262144 262144 262144 262144 262144 262144 262144 262144 262144 262144 262144 262144 262144 262144 262144 262144 262144 262144 262144 262144 262144 262144 262144 262144 262144 262144 262144 262144 262144 262144 262144 262144 262144 262144 262144 262144 262144 262144 262144 262144 262144 262144 262144 262144 262144 262144 262144 262144 262144 262144 262128 262144 262144 262144 262136 262144 262136 262144 262112 262128 262120 262120 262120 262104 262100 262100 262120 262128 262057 262057 262057 262057 262025 262013 261962 262017 262025 261993 261989 261918 261958 261890 261787 261890 261866 261831 261684 261525 261545 261565 261442 261497 261458 261323 261204 261292 261014 260955 260943 260745 260865 260658 260610 260334 260589 260299 260137 259983 259726 259633 259627 259545 259479 259215 258819 258508 258469 258147 258081 257847 257650 256946 256981 256593 256692 256340 255664 255767 255029 254695 254659 254318 253792 253679 253103 253084 252495 252002 251960 251000 250661 250270 249516 248335 248512 247586 247856 246521 246867 245340 245576 245247 243982 243189 243228 242112 241029 239287 239541 238769 238376 237382 236276 235436 234140 234171 232536 231859 230469 230611 228858 227971 226282 226252 225159 225120 223248 221931 219278 218948 217786 216003 214160 214122 213282 211043 210234 207861 207549 205596 202876 202357 201857 198454 197616 195573 193086 192709 189172 187349 187258 184474 182729 179738 178176 175620 174694 171482 166057 165765 165625 162013 159173 156382 154313 151326 149915 146676 142296 142014 138175 137282 133513 130502 126915 123595 120455 118956 116298 113224 110508 109092 105149 103175 102415 98086 97562 94462.8 91654.4 90923.8 89974.9 88090 85758.5 84339 82398.6 80894.8 80936.9 77695.1 77498.3 75512.9 73918.7 73634.2 71794.4 71334.7 69843.9 68860.8 67902.4 68698.8 66300.7 65211.9 64695.3 62354.1 62670.8 62393.8 61131.1 60717.9 59063.3 57552 57883.9 57584.8 55754.6 56009.4 55251.1 55273.1 54491.7 52441.3 52093.5 52382 51463.2 51404.6 50305.2 50388.9 48848.1 49223.8 48734.3 47714.4 48115.1 47187 45642.7 46107.1 45768.7 44724.3 45190.5 43682.5 43969.1 42732.5 42796.7 42569.9 42296.6 42073.6 41507.5 41404.9 40295 39735.3 40427.8 40143.7 38334 39034.7 38636.5 38419.9 38274.6 37854 37070.5 36197.7 36120.3 36613.7 35744.2 35310 35205.8 35338.8 34668.1 34039.1 34537.3 34207.9 33640.6 34172.9 33345.7 32780.1 32969.9 32165.4 32319.6 32160.4 31706.3 31201.3 31297.1 30904.2 30617.6 30750.5 29995 29790.6 29809.8 29420.1 29567.4 29087.3 29083.3 28527.6 28582.3 28097.8 28031.1 28035.2 27530.5 27871.5 27208.9 27547.9 27213 26714 26362.6 26638.2 25909.7 25959 25244.3 25121.2 25500.7 25116.5 24956.7 24906.4 25079.9 24328.1 24387.7 24141.4 23836 23680.6 23401.6 23458.1 23584.9 23400.6 23290.7 22744.6 22940.1 22820 22547.8 22452.2 22337.4 22216.8 22028.5 22355.3 21658.6 21390 21559.6 21215.1 21317.5 21015.4 20833 20888 21216.5 20467.4 20434.2 20385.1 20714.7 20273.2 19752.3 20488.3 19649.1 19531.5 19756.8 19511.9 19593.4 18993 19071.2 19060.9 18994.2 19019.9 18911.3 18792.1 18434.6 18455.2 18577.5 18449.1 17727.9 17739 18103.9 17632.4 18039.5 17671.9 17385 17669.4 17274.8 17063 17264.8 17003.5 17234.3 16858 16448 16363.8 16572.8 16138.9 16139.4 16417 16458.8 16351.7 16129.7 15980.5 16237.7 16033 15632.6 15640.2 15896.7 15600.4 15654.3 15447.7 15500.1 15640.5 15527.6 15028.1 14866.8 15296.6 14946.2 14501.2 14496.4 14945.8 14608.6 14353 14202.1 14275.4 14121.6 14240.2 14113.7 14095 14112.3 14054.3 14108.7 14108.9 13993.6 13527.9 13733.3 13793.3 13440.8 13360.8 13580.4 13412.5 13481.3 13520.3 13483.1 13278.8 12755.1 13453.1 12554.3 13140.7 12840.3 12603.8 12647.3 13006.4 12736.2 
====T====
0 0.01 0.02 0.03 0.04 0.05 0.06 0.07 0.08 0.09 0.1 0.11 0.12 0.13 0.14 0.15 0.16 0.17 0.18 0.19 0.2 0.21 0.22 0.23 0.24 0.25 0.26 0.27 0.28 0.29 0.3 0.31 0.32 0.33 0.34 0.35 0.36 0.37 0.38 0.39 0.4 0.41 0.42 0.43 0.44 0.45 0.46 0.47 0.48 0.49 0.5 0.51 0.52 0.53 0.54 0.55 0.56 0.57 0.58 0.59 0.6 0.61 0.62 0.63 0.64 0.65 0.66 0.67 0.68 0.69 0.7 0.71 0.72 0.73 0.74 0.75 0.76 0.77 0.78 0.79 0.8 0.81 0.82 0.83 0.84 0.85 0.86 0.87 0.88 0.89 0.9 0.91 0.92 0.93 0.94 0.95 0.96 0.97 0.98 0.99 1 1.01 1.02 1.03 1.04 1.05 1.06 1.07 1.08 1.09 1.1 1.11 1.12 1.13 1.14 1.15 1.16 1.17 1.18 1.19 1.2 1.21 1.22 1.23 1.24 1.25 1.26 1.27 1.28 1.29 1.3 1.31 1.32 1.33 1.34 1.35 1.36 1.37 1.38 1.39 1.4 1.41 1.42 1.43 1.44 1.45 1.46 1.47 1.48 1.49 1.5 1.51 1.52 1.53 1.54 1.55 1.56 1.57 1.58 1.59 1.6 1.61 1.62 1.63 1.64 1.65 1.66 1.67 1.68 1.69 1.7 1.71 1.72 1.73 1.74 1.75 1.76 1.77 1.78 1.79 1.8 1.81 1.82 1.83 1.84 1.85 1.86 1.87 1.88 1.89 1.9 1.91 1.92 1.93 1.94 1.95 1.96 1.97 1.98 1.99 2 2.01 2.02 2.03 2.04 2.05 2.06 2.07 2.08 2.09 2.1 2.11 2.12 2.13 2.14 2.15 2.16 2.17 2.18 2.19 2.2 2.21 2.22 2.23 2.24 2.25 2.26 2.27 2.28 2.29 2.3 2.31 2.32 2.33 2.34 2.35 2.36 2.37 2.38 2.39 2.4 2.41 2.42 2.43 2.44 2.45 2.46 2.47 2.48 2.49 2.5 2.51 2.52 2.53 2.54 2.55 2.56 2.57 2.58 2.59 2.6 2.61 2.62 2.63 2.64 2.65 2.66 2.67 2.68 2.69 2.7 2.71 2.72 2.73 2.74 2.75 2.76 2.77 2.78 2.79 2.8 2.81 2.82 2.83 2.84 2.85 2.86 2.87 2.88 2.89 2.9 2.91 2.92 2.93 2.94 2.95 2.96 2.97 2.98 2.99 3 3.01 3.02 3.03 3.04 3.05 3.06 3.07 3.08 3.09 3.1 3.11 3.12 3.13 3.14 3.15 3.16 3.17 3.18 3.19 3.2 3.21 3.22 3.23 3.24 3.25 3.26 3.27 3.28 3.29 3.3 3.31 3.32 3.33 3.34 3.35 3.36 3.37 3.38 3.39 3.4 3.41 3.42 3.43 3.44 3.45 3.46 3.47 3.48 3.49 3.5 3.51 3.52 3.53 3.54 3.55 3.56 3.57 3.58 3.59 3.6 3.61 3.62 3.63 3.64 3.65 3.66 3.67 3.68 3.69 3.7 3.71 3.72 3.73 3.74 3.75 3.76 3.77 3.78 3.79 3.8 3.81 3.82 3.83 3.84 3.85 3.86 3.87 3.88 3.89 3.9 3.91 3.92 3.93 3.94 3.95 3.96 3.97 3.98 3.99 4 4.01 4.02 4.03 4.04 4.05 4.06 4.07 4.08 4.09 4.1 4.11 4.12 4.13 4.14 4.15 4.16 4.17 4.18 4.19 4.2 4.21 4.22 4.23 4.24 4.25 4.26 4.27 4.28 4.29 4.3 4.31 4.32 4.33 4.34 4.35 4.36 4.37 4.38 4.39 4.4 4.41 4.42 4.43 4.44 4.45 4.46 4.47 4.48 4.49 4.5 4.51 4.52 4.53 4.54 4.55 4.56 4.57 4.58 4.59 4.6 4.61 4.62 4.63 4.64 4.65 4.66 4.67 4.68 4.69 4.7 4.71 4.72 4.73 4.74 4.75 4.76 4.77 4.78 4.79 4.8 4.81 4.82 4.83 4.84 4.85 4.86 4.87 4.88 4.89 4.9 4.91 4.92 4.93 4.94 4.95 4.96 4.97 4.98 4.99 5 
====beta====
inf 100 50 33.3333 25 20 16.6667 14.2857 12.5 11.1111 10 9.09091 8.33333 7.69231 7.14286 6.66667 6.25 5.88235 5.55556 5.26316 5 4.7619 4.54545 4.34783 4.16667 4 3.84615 3.7037 3.57143 3.44828 3.33333 3.22581 3.125 3.0303 2.94118 2.85714 2.77778 2.7027 2.63158 2.5641 2.5 2.43902 2.38095 2.32558 2.27273 2.22222 2.17391 2.12766 2.08333 2.04082 2 1.96078 1.92308 1.88679 1.85185 1.81818 1.78571 1.75439 1.72414 1.69492 1.66667 1.63934 1.6129 1.5873 1.5625 1.53846 1.51515 1.49254 1.47059 1.44928 1.42857 1.40845 1.38889 1.36986 1.35135 1.33333 1.31579 1.2987 1.28205 1.26582 1.25 1.23457 1.21951 1.20482 1.19048 1.17647 1.16279 1.14943 1.13636 1.1236 1.11111 1.0989 1.08696 1.07527 1.06383 1.05263 1.04167 1.03093 1.02041 1.0101 1 0.990099 0.980392 0.970874 0.961538 0.952381 0.943396 0.934579 0.925926 0.917431 0.909091 0.900901 0.892857 0.884956 0.877193 0.869565 0.862069 0.854701 0.847458 0.840336 0.833333 0.826446 0.819672 0.813008 0.806452 0.8 0.793651 0.787402 0.78125 0.775194 0.769231 0.763359 0.757576 0.75188 0.746269 0.740741 0.735294 0.729927 0.724638 0.719424 0.714286 0.70922 0.704225 0.699301 0.694444 0.689655 0.684932 0.680272 0.675676 0.671141 0.666667 0.662252 0.657895 0.653595 0.649351 0.645161 0.641026 0.636943 0.632911 0.628931 0.625 0.621118 0.617284 0.613497 0.609756 0.606061 0.60241 0.598802 0.595238 0.591716 0.588235 0.584795 0.581395 0.578035 0.574713 0.571429 0.568182 0.564972 0.561798 0.558659 0.555556 0.552486 0.549451 0.546448 0.543478 0.540541 0.537634 0.534759 0.531915 0.529101 0.526316 0.52356 0.520833 0.518135 0.515464 0.512821 0.510204 0.507614 0.505051 0.502513 0.5 0.497512 0.49505 0.492611 0.490196 0.487805 0.485437 0.483092 0.480769 0.478469 0.47619 0.473934 0.471698 0.469484 0.46729 0.465116 0.462963 0.460829 0.458716 0.456621 0.454545 0.452489 0.45045 0.44843 0.446429 0.444444 0.442478 0.440529 0.438596 0.436681 0.434783 0.4329 0.431034 0.429185 0.42735 0.425532 0.423729 0.421941 0.420168 0.41841 0.416667 0.414938 0.413223 0.411523 0.409836 0.408163 0.406504 0.404858 0.403226 0.401606 0.4 0.398406 0.396825 0.395257 0.393701 0.392157 0.390625 0.389105 0.387597 0.3861 0.384615 0.383142 0.381679 0.380228 0.378788 0.377358 0.37594 0.374532 0.373134 0.371747 0.37037 0.369004 0.367647 0.3663 0.364964 0.363636 0.362319 0.361011 0.359712 0.358423 0.357143 0.355872 0.35461 0.353357 0.352113 0.350877 0.34965 0.348432 0.347222 0.346021 0.344828 0.343643 0.342466 0.341297 0.340136 0.338983 0.337838 0.3367 0.33557 0.334448 0.333333 0.332226 0.331126 0.330033 0.328947 0.327869 0.326797 0.325733 0.324675 0.323625 0.322581 0.321543 0.320513 0.319489 0.318471 0.31746 0.316456 0.315457 0.314465 0.31348 0.3125 0.311526 0.310559 0.309598 0.308642 0.307692 0.306748 0.30581 0.304878 0.303951 0.30303 0.302115 0.301205 0.3003 0.299401 0.298507 0.297619 0.296736 0.295858 0.294985 0.294118 0.293255 0.292398 0.291545 0.290698 0.289855 0.289017 0.288184 0.287356 0.286533 0.285714 0.2849 0.284091 0.283286 0.282486 0.28169 0.280899 0.280112 0.27933 0.278552 0.277778 0.277008 0.276243 0.275482 0.274725 0.273973 0.273224 0.27248 0.271739 0.271003 0.27027 0.269542 0.268817 0.268097 0.26738 0.266667 0.265957 0.265252 0.26455 0.263852 0.263158 0.262467 0.26178 0.261097 0.260417 0.25974 0.259067 0.258398 0.257732 0.257069 0.25641 0.255754 0.255102 0.254453 0.253807 0.253165 0.252525 0.251889 0.251256 0.250627 0.25 0.249377 0.248756 0.248139 0.247525 0.246914 0.246305 0.2457 0.245098 0.244499 0.243902 0.243309 0.242718 0.242131 0.241546 0.240964 0.240385 0.239808 0.239234 0.238663 0.238095 0.23753 0.236967 0.236407 0.235849 0.235294 0.234742 0.234192 0.233645 0.2331 0.232558 0.232019 0.231481 0.230947 0.230415 0.229885 0.229358 0.228833 0.228311 0.22779 0.227273 0.226757 0.226244 0.225734 0.225225 0.224719 0.224215 0.223714 0.223214 0.222717 0.222222 0.221729 0.221239 0.220751 0.220264 0.21978 0.219298 0.218818 0.218341 0.217865 0.217391 0.21692 0.21645 0.215983 0.215517 0.215054 0.214592 0.214133 0.213675 0.21322 0.212766 0.212314 0.211864 0.211416 0.21097 0.210526 0.210084 0.209644 0.209205 0.208768 0.208333 0.2079 0.207469 0.207039 0.206612 0.206186 0.205761 0.205339 0.204918 0.204499 0.204082 0.203666 0.203252 0.20284 0.202429 0.20202 0.201613 0.201207 0.200803 0.200401 0.2 
====Chi====
-nan 0 0 0 0 0 0 0 0 0 0 0 0 0 0 0 0 0 0 0 0 0 0 0 0 0 0 0 0 0 0 0 0 0 0 0 0 0 0 0 0 0 0 0 0 0 0 0 0 0 0 0 0 0 0 0 0 0 5.25137e-05 0 0 0 2.45869e-05 0 2.38186e-05 0 9.21163e-05 4.54597e-05 6.7121e-05 6.61482e-05 6.52032e-05 0.000106932 0.000168797 0.000166485 6.16787e-05 4.06106e-05 0.000218478 0.000215641 0.000212876 0.000210182 0.000281911 0.000390282 0.000455594 0.000289549 0.000268487 0.000370653 0.00038341 0.0005293 0.000441074 0.000531486 0.00076332 0.000519805 0.000675606 0.000696285 0.00109734 0.00125377 0.0012908 0.0012058 0.00157124 0.0012243 0.00139783 0.00197321 0.00188397 0.00179843 0.00223699 0.00240563 0.00241172 0.00280019 0.00272807 0.002931 0.0030732 0.00368613 0.0037568 0.00378472 0.00415495 0.00471032 0.00475804 0.00445108 0.00476614 0.00543813 0.00559557 0.0051892 0.00684241 0.00726014 0.00680493 0.00990634 0.00868372 0.00797252 0.00871354 0.010317 0.00997282 0.0119191 0.0108777 0.0119977 0.0123895 0.0135301 0.0163555 0.0166062 0.0151918 0.015956 0.0160747 0.0167576 0.0185443 0.017797 0.0244044 0.0214507 0.0216259 0.023304 0.0241254 0.0246617 0.0279633 0.0279167 0.0280254 0.0350911 0.0302392 0.0348736 0.0345773 0.037975 0.0339295 0.0428778 0.0424045 0.044777 0.0461354 0.044615 0.0503027 0.0545452 0.0553257 0.0647024 0.0588571 0.0714364 0.0640263 0.0681266 0.0876303 0.0713384 0.0863249 0.0912764 0.100787 0.0811007 0.105449 0.101257 0.100045 0.107181 0.129454 0.121213 0.124869 0.134838 0.150611 0.158293 0.179429 0.166214 0.192822 0.220605 0.304657 0.251787 0.245406 0.272149 0.318486 0.309299 0.369567 0.392214 0.373549 0.425911 0.350607 0.424179 0.520179 0.504791 0.581136 0.776602 1.28853 1.55897 1.72233 2.0086 2.3586 2.98894 3.321 3.99043 4.31205 4.51934 5.38445 5.97979 7.06089 8.3048 8.52363 9.93377 11.8843 12.3603 14.5987 17.0121 19.1385 21.8438 23.4976 23.7818 24.2983 26.2997 28.3432 31.3718 32.054 31.6258 32.1116 32.2457 31.8539 30.6875 30.5006 28.3552 28.754 26.1937 24.7069 24.8685 23.7945 22.8545 21.2253 19.7725 18.8757 18.4887 18.355 15.5321 15.7543 15.0448 13.5926 14.29 12.7115 13.0162 11.9982 11.2022 10.8431 11.0726 10.8793 10.1024 9.5198 8.5014 8.38934 8.80601 8.0898 8.18564 7.86731 7.03315 6.6035 6.64225 6.44845 6.50044 6.35303 6.2621 6.02966 5.44274 5.22249 5.46711 4.94555 5.07928 4.99518 5.25724 4.7169 4.45179 4.57663 4.45689 4.63881 4.67056 3.86825 3.87117 4.12984 3.83369 3.86969 3.26465 3.80851 3.27635 3.5352 3.43903 3.18347 3.5672 3.34304 3.24034 3.06346 3.0027 3.10656 3.01319 2.93973 2.82168 2.94219 2.84076 2.91256 2.7697 2.78217 2.44546 2.3078 2.58282 2.58601 2.43813 2.30332 2.31285 2.1909 2.23482 2.32339 2.29347 2.30339 2.20489 2.13948 2.11064 2.15532 2.00308 2.11753 1.99809 1.91505 2.13902 1.947 1.91667 1.85764 1.88443 1.91425 1.8543 1.73341 1.69954 1.83751 1.6342 1.83866 1.57034 1.76107 1.54319 1.65513 1.53524 1.58949 1.71158 1.59794 1.51884 1.559 1.54429 1.66279 1.61943 1.54505 1.3812 1.4161 1.4164 1.33608 1.34278 1.43715 1.46267 1.27069 1.36902 1.32936 1.29468 1.3245 1.20247 1.26782 1.22347 1.197 1.2712 1.1454 1.22804 1.2385 1.30882 1.18632 1.19801 1.17187 1.18816 1.14376 1.22669 1.1712 1.15751 1.14412 1.0718 1.04574 0.952194 1.07605 1.05126 1.02941 1.0984 1.10301 1.00103 1.1305 1.02852 0.994091 1.0247 0.957737 1.0188 0.916827 0.96659 1.05818 0.938386 0.935738 0.881698 0.914859 0.921924 0.956063 0.984022 0.982431 0.889596 0.930205 0.855897 0.882816 0.815312 0.875364 0.788479 0.897041 0.859293 0.904783 0.843905 0.812697 0.779929 0.80993 0.777165 0.79062 0.795917 0.785942 0.765501 0.778153 0.786441 0.767719 0.783496 0.767804 0.776105 0.732675 0.702736 0.718685 0.755463 0.771688 0.740321 0.723325 0.748766 0.742875 0.728905 0.709879 0.674019 0.736177 0.724849 0.722459 0.734343 0.774954 0.650921 0.697426 0.722145 0.714411 0.622042 0.693476 0.668744 0.72408 0.682036 0.629559 0.667954 0.619892 0.6422 0.648671 0.645181 0.630172 0.668286 0.605664 0.651403 0.614866 0.62594 0.586253 0.627959 0.590377 0.62778 0.599345 0.558092 0.563938 0.645931 0.606786 0.562282 0.594711 0.571518 0.54466 0.581773 0.558721 
====Cv====
-nan 0 0 0 0 0 0 0 0 0 0 0 0 0 0 0 0 0 0 0 0 0 0 0 0 0 0 0 0 0 0 0 0 0 0 0 0 0 0 0 0 0 0 0 0 0 0 0 0 0 0 0 0 0 0 0 0 0 0.00144866 0 0 0 0.000634501 0 0.000595464 0 0.00223312 0.0010856 0.00157932 0.00153387 0.00149036 0.00240973 0.00292953 0.00284982 0.00133359 0.00086636 0.00459955 0.00448085 0.0043667 0.00425685 0.00563823 0.00706416 0.00888964 0.00558167 0.00511404 0.006977 0.00656191 0.00917883 0.00747513 0.0095548 0.0135701 0.00913943 0.0107601 0.0114961 0.0171901 0.0211161 0.0201817 0.0190185 0.0232857 0.0193707 0.0219588 0.0253184 0.0281679 0.0268015 0.0323729 0.0331117 0.0335347 0.0390932 0.0370018 0.040567 0.0389788 0.0474097 0.0444807 0.0474139 0.0504388 0.0542219 0.0589862 0.0541939 0.0592197 0.0620423 0.0659676 0.0611658 0.0737431 0.0800181 0.0801591 0.088432 0.0906137 0.0884743 0.0919144 0.101493 0.09994 0.115163 0.105398 0.111933 0.118243 0.127438 0.142746 0.141964 0.138428 0.14031 0.141798 0.150009 0.1602 0.151103 0.178491 0.171318 0.171767 0.182191 0.181317 0.19955 0.210057 0.201114 0.20797 0.236948 0.20494 0.241441 0.220579 0.236095 0.232352 0.271747 0.258606 0.269442 0.272186 0.268174 0.286168 0.30932 0.3138 0.33552 0.315534 0.354442 0.349439 0.327279 0.405149 0.323488 0.380603 0.399915 0.426926 0.379634 0.400952 0.411903 0.420799 0.411702 0.481692 0.443894 0.445767 0.467775 0.500958 0.490348 0.559838 0.543196 0.590939 0.609684 0.596652 0.612977 0.610302 0.640038 0.663143 0.717464 0.742486 0.748733 0.685009 0.744242 0.718739 0.767311 0.811957 0.750282 0.885326 0.897889 0.898596 0.806334 0.932779 0.98181 1.03854 1.02477 1.07239 1.0577 1.248 1.08334 1.24734 1.21393 1.31474 1.32037 1.2535 1.40548 1.39288 1.35952 1.45738 1.48537 1.44813 1.55515 1.52399 1.50902 1.56356 1.55334 1.6078 1.57497 1.53696 1.50968 1.45353 1.40937 1.43833 1.38928 1.33227 1.3154 1.3258 1.31651 1.13143 1.13938 1.1628 1.1086 1.11723 1.06704 0.887513 0.930629 0.998087 0.815356 0.869065 0.860214 0.809231 0.816045 0.80391 0.731262 0.778255 0.731539 0.69363 0.703805 0.73288 0.656961 0.657557 0.562395 0.615868 0.654372 0.63149 0.571507 0.529705 0.558251 0.568055 0.556534 0.550927 0.557402 0.535578 0.560629 0.540318 0.523613 0.503046 0.44775 0.475762 0.502892 0.492377 0.474561 0.481141 0.433098 0.448257 0.450879 0.469086 0.433316 0.424327 0.419588 0.391875 0.400186 0.398446 0.406042 0.418031 0.384061 0.368124 0.379123 0.387491 0.399056 0.366943 0.385016 0.357216 0.360443 0.387256 0.351229 0.358709 0.336254 0.350464 0.353564 0.334942 0.318914 0.319219 0.331424 0.310721 0.312685 0.317256 0.297893 0.319011 0.289914 0.28807 0.301502 0.321609 0.296546 0.293177 0.288222 0.260135 0.285953 0.265217 0.271497 0.28757 0.259552 0.247229 0.272888 0.270058 0.280216 0.254935 0.24519 0.253449 0.228952 0.241136 0.246702 0.256386 0.262902 0.243999 0.235738 0.252687 0.234518 0.226985 0.226579 0.223413 0.241197 0.23811 0.235663 0.233304 0.217533 0.210818 0.208818 0.22024 0.223268 0.211982 0.191661 0.203427 0.218388 0.226018 0.199777 0.199223 0.213081 0.211501 0.2059 0.197192 0.209343 0.187659 0.187619 0.194989 0.19481 0.199846 0.195299 0.169019 0.179358 0.18893 0.175185 0.170824 0.184005 0.184308 0.186135 0.177084 0.175266 0.175138 0.169096 0.181876 0.169362 0.159255 0.169939 0.174436 0.156933 0.172398 0.164012 0.165406 0.167005 0.154318 0.170827 0.154882 0.152785 0.166755 0.17331 0.162 0.153113 0.152339 0.148361 0.150017 0.140176 0.150103 0.150048 0.159673 0.146385 0.15821 0.140746 0.132152 0.14333 0.144328 0.138619 0.144625 0.142222 0.131436 0.154375 0.13019 0.143268 0.134816 0.135304 0.135573 0.134282 0.140973 0.136621 0.136963 0.129629 0.129732 0.134998 0.126235 0.136713 0.126675 0.127441 0.122893 0.128956 0.115368 0.119407 0.123966 0.119498 0.118867 0.119854 0.121645 0.120266 0.124963 0.106649 0.120646 0.112738 0.116925 0.114419 0.111419 0.114362 0.122258 0.113867 0.108474 0.110175 0.116871 0.110098 0.101248 0.111577 0.104393 0.105213 0.101354 0.102357 0.114295 0.103171 0.101593 0.104171 0.101118 0.107353 0.106067 0.110774 0.102472 0.109297 0.10309 0.104715 0.10142 0.106261 0.0978102 0.102793 0.0951088 0.0916197 0.0935032 0.103169 0.0968595 
