Size of the state?
32
0: ordered; others: disordered.
0
Temperature begin/end/step?
0 5 0.01
Thermalization steps? (10000+)
10000
Number of the workers?
1024
Done, time elapsed: 80s.
====Mavg====
1 1 1 1 1 1 1 1 1 1 1 1 1 1 1 1 1 1 1 1 1 1 1 1 1 1 1 1 1 1 1 1 1 1 1 1 1 1 1 1 1 1 1 1 1 1 1 1 1 1 1 1 1 1 0.999998 0.999998 0.999998 1 1 0.999996 0.999998 1 1 0.999994 0.99999 0.99999 0.999989 0.999987 0.999983 0.999983 0.999977 0.999969 0.999968 0.999958 0.999977 0.999952 0.999943 0.99992 0.99991 0.999897 0.999908 0.999884 0.99988 0.999878 0.999872 0.99988 0.999819 0.999786 0.999733 0.999748 0.999704 0.999697 0.99967 0.999605 0.999533 0.999538 0.999498 0.999445 0.999311 0.999331 0.999306 0.999172 0.999102 0.999088 0.999018 0.99897 0.998892 0.998751 0.998634 0.998493 0.998388 0.998194 0.998219 0.997942 0.997942 0.997797 0.997715 0.997622 0.997467 0.997179 0.996939 0.996737 0.996517 0.996572 0.996229 0.996069 0.995808 0.995556 0.995369 0.995216 0.994659 0.994371 0.994469 0.993999 0.993563 0.99334 0.993044 0.992697 0.992132 0.991749 0.991135 0.99069 0.990513 0.990196 0.989765 0.988928 0.988705 0.98815 0.987778 0.987299 0.986433 0.985689 0.985723 0.984356 0.984375 0.983305 0.982056 0.982037 0.981255 0.980677 0.97982 0.978361 0.977524 0.977077 0.976421 0.975498 0.974316 0.97353 0.972225 0.971449 0.969681 0.968601 0.967928 0.966599 0.965376 0.96467 0.963354 0.961536 0.960258 0.958082 0.956497 0.954657 0.953724 0.951757 0.949987 0.948803 0.946468 0.944571 0.943224 0.940695 0.938295 0.936485 0.934753 0.931688 0.929392 0.926298 0.924175 0.921236 0.919834 0.916157 0.91218 0.909395 0.906336 0.901331 0.898163 0.892567 0.888767 0.886782 0.882521 0.876898 0.87178 0.866438 0.86231 0.855438 0.849676 0.844652 0.838152 0.832613 0.82555 0.815048 0.807322 0.800617 0.792747 0.786169 0.771633 0.76116 0.74737 0.734083 0.72328 0.709856 0.695181 0.679865 0.667904 0.648438 0.632881 0.614702 0.594587 0.574181 0.552788 0.530861 0.508097 0.483936 0.457375 0.434772 0.41061 0.379477 0.356649 0.328402 0.30155 0.274107 0.249205 0.224277 0.198761 0.178793 0.159624 0.133333 0.119997 0.106831 0.0873051 0.0755978 0.0636482 0.0494423 0.0430717 0.0418968 0.0346012 0.0261402 0.0175743 0.00756836 0.0121136 0.0129662 0.010519 0.00777626 0.00145912 -0.00197411 0.00405502 0.0038929 0.00644493 0.00439644 0.00577354 0.0078373 0.00735092 -0.00186348 -0.00490379 -0.00250053 0.000179291 -0.00392342 -0.00364876 -0.00139427 -8.58307e-05 -0.00662994 -0.00383186 -0.0044899 0.0012989 -0.000494003 0.00451469 0.00190735 -0.00173569 -0.000745773 0.00216484 -0.00337219 0.000482559 0.000907898 -0.00030899 -0.00165367 0.00227737 0.0100288 0.00533867 0.00235558 -0.000396729 0.00180244 2.47955e-05 0.0051899 0.00338554 -0.0027523 -0.00357819 -0.0088768 -0.00525093 0.00161362 -0.00389862 0.00251198 -0.00271225 0.00642586 0.0037384 0.00414276 0.000427246 -0.000530243 0.000951767 0.00281906 0.00557709 0.00400352 0.0026722 0.00130081 0.00176811 0.0010376 0.00197601 -4.19617e-05 0.00313377 -0.00112724 -0.00192833 -0.00322914 0.00272751 0.00411415 -0.000934601 0.00230789 -0.000204086 -0.00685883 -0.00526047 0.000999451 -0.00213051 0.00185776 0.0022068 0.0029583 0.00196075 0.0001297 0.000650406 0.00144005 0.000183105 0.00629234 -0.00137901 0.000753403 -0.00204277 -0.000360489 -0.00434113 -0.0028019 0.00341797 -0.00452042 -0.00236702 -0.00303841 -0.002285 -0.00337219 0.00239182 0.00136948 0.00155258 -0.0010376 0.000682831 -0.00111198 0.000709534 0.00261116 -0.000562668 -0.00130081 0.000951767 0.00104332 0.00414467 -0.00269318 0.00190163 0.000993729 -0.000608444 -0.000337601 -0.00091362 0.00310326 -0.00202179 0.0039444 6.48499e-05 0.00333595 -0.00192642 0.00238991 -0.00159073 0.00111198 -0.000833511 0.00836563 -0.00228882 -0.00414467 0.000616074 -0.00174332 -0.000806808 -0.00105858 -0.00142288 0.000228882 0.00297928 -0.00310516 -0.00195122 -0.00450134 0.00173759 -0.00313377 0.000976562 -0.00156593 0.00028038 -0.00184631 0.00307655 0.00318336 0.000753403 -0.00233841 -0.000507355 0.00371742 0.00179863 0.00185585 -0.00127983 -0.00138664 -0.00309944 0.0031414 0.000917435 0.00322342 0.00234413 -0.00112534 0.000534058 -0.00113678 -0.00137329 3.24249e-05 0.00128365 -0.00105667 0.000114441 -0.00187111 -0.00178909 -0.00149155 -0.000614166 0.0025444 4.3869e-05 0.00203896 0.00197983 6.48499e-05 0.000402451 0.00122261 0.00424576 -0.00300026 6.10352e-05 -0.00237846 -0.000249863 -0.000648499 0.00447083 -0.000352859 0.0013752 0.00053978 0.00166702 0.000127792 0.00232887 -0.00396919 0.000720978 -0.00207901 0.000244141 0.00170517 -0.00094223 0.00128365 0.00147629 -0.000793457 -0.00139999 0.00269318 0.000419617 -0.00100136 -0.00206184 -0.000597 0.000720978 -0.000249863 0.00246239 -0.00126457 -0.00325775 0.00198936 0.00103188 -0.00264931 -0.0018425 -0.00139809 0.00208855 -0.00171471 0.00120926 0.00177002 -0.00125504 0.0018692 -0.00231934 6.10352e-05 0.00183678 0.00103378 -0.000135422 
====M2avg====
1 1 1 1 1 1 1 1 1 1 1 1 1 1 1 1 1 1 1 1 1 1 1 1 1 1 1 1 1 1 1 1 1 1 1 1 1 1 1 1 1 1 1 1 1 1 1 1 1 1 1 1 1 1 0.999996 0.999996 0.999996 1 1 0.999992 0.999996 1 1 0.999989 0.999981 0.999981 0.999977 0.999973 0.999966 0.999966 0.999954 0.999939 0.999935 0.999916 0.999954 0.999905 0.999886 0.99984 0.999821 0.999794 0.999817 0.999768 0.99976 0.999756 0.999745 0.99976 0.999638 0.999573 0.999467 0.999497 0.999409 0.999394 0.999341 0.999211 0.999067 0.999078 0.998998 0.998891 0.998625 0.998663 0.998613 0.998347 0.998206 0.998179 0.998038 0.997943 0.997787 0.997506 0.997274 0.996992 0.996783 0.996395 0.996444 0.995893 0.995893 0.995604 0.99544 0.995254 0.994946 0.994372 0.993894 0.993491 0.993055 0.993165 0.992482 0.992162 0.991642 0.991142 0.990772 0.990466 0.98936 0.988788 0.988982 0.98805 0.987183 0.98674 0.986153 0.985465 0.984346 0.983588 0.982369 0.981492 0.981139 0.980516 0.979665 0.978008 0.977567 0.976473 0.975736 0.974797 0.97309 0.971628 0.971692 0.969005 0.96904 0.966936 0.964488 0.964453 0.962917 0.961789 0.960118 0.957263 0.955635 0.954763 0.953481 0.95169 0.949383 0.947858 0.945327 0.94383 0.94039 0.938312 0.937019 0.934428 0.932085 0.930736 0.928192 0.92471 0.922278 0.918117 0.915081 0.911585 0.909817 0.906096 0.902723 0.90049 0.896103 0.892518 0.890002 0.885261 0.880755 0.877424 0.87417 0.86848 0.864235 0.858516 0.854609 0.849226 0.846622 0.839936 0.832723 0.827714 0.822214 0.813275 0.807549 0.797789 0.791005 0.787555 0.780174 0.770413 0.761655 0.752478 0.745377 0.733847 0.724297 0.715801 0.705372 0.696061 0.68449 0.668018 0.655702 0.645455 0.633784 0.623776 0.60193 0.586454 0.56576 0.547027 0.531565 0.513309 0.494248 0.474802 0.46006 0.435784 0.41668 0.394703 0.372438 0.351105 0.328715 0.30791 0.286635 0.264569 0.242245 0.222598 0.204819 0.180025 0.166073 0.148538 0.1333 0.120016 0.106341 0.0954502 0.0834518 0.0752861 0.0690055 0.0590924 0.0571383 0.053558 0.0485068 0.0431289 0.0438331 0.0391496 0.0359275 0.0324717 0.0316259 0.0287553 0.0276917 0.0267869 0.026724 0.0252024 0.0255789 0.0234961 0.0210817 0.0188322 0.0194529 0.0199618 0.0194976 0.0194488 0.018999 0.0181878 0.0173159 0.0162511 0.015535 0.0159435 0.0159301 0.0146861 0.0145583 0.0138027 0.0130659 0.0131297 0.0134057 0.0121479 0.0126637 0.0131976 0.0133649 0.0117574 0.0123231 0.0114572 0.0116968 0.0110981 0.0115727 0.0113247 0.011323 0.0108934 0.0104597 0.0102622 0.00982322 0.00991583 0.00923569 0.00905919 0.00916069 0.00942897 0.00938614 0.00951574 0.00851921 0.00914235 0.00831065 0.0086238 0.008805 0.00874075 0.00832398 0.00829924 0.00820416 0.00791556 0.00808138 0.00756415 0.00790584 0.00744557 0.00728524 0.00752557 0.00736803 0.00683847 0.00709512 0.00744634 0.00685157 0.00749785 0.00672887 0.00698761 0.00695032 0.00644232 0.00633688 0.00640056 0.0059336 0.00613888 0.00624451 0.00629549 0.00685154 0.00599935 0.00630549 0.0059424 0.00600286 0.00621859 0.00586911 0.0053515 0.00586754 0.00600256 0.00586908 0.00574606 0.00564926 0.00542177 0.00537978 0.00534355 0.0059516 0.00525687 0.00537877 0.00527078 0.00519361 0.00514081 0.00485446 0.00506692 0.00518715 0.00544153 0.00484651 0.00499608 0.00523786 0.0050096 0.00488887 0.00489138 0.00477034 0.00466663 0.00463519 0.00463949 0.00482948 0.00461334 0.00491472 0.00458234 0.00493263 0.00421147 0.00452599 0.00471205 0.00449115 0.00423455 0.00445484 0.00434895 0.00398917 0.00391468 0.00441079 0.00391187 0.00413099 0.00407998 0.00448386 0.00420092 0.00413047 0.00407398 0.00390631 0.00424673 0.00363681 0.00395664 0.00382762 0.00414567 0.00380635 0.00378006 0.00370963 0.00382545 0.00370225 0.00369948 0.00387851 0.00428075 0.00382909 0.00399825 0.00388962 0.00360812 0.00355435 0.00379725 0.00359853 0.00388714 0.003728 0.00352725 0.00351304 0.00361899 0.00363315 0.00376825 0.00352411 0.00342359 0.00342305 0.00354608 0.00354455 0.00344277 0.00345856 0.00350998 0.00321998 0.00338278 0.0032464 0.0032538 0.00357847 0.00365189 0.00324015 0.00362237 0.00319744 0.00323267 0.00315294 0.00317546 0.0032807 0.00321012 0.0031528 0.0031797 0.00343564 0.00337433 0.00319299 0.00331384 0.00308222 0.00315079 0.00326525 0.00310539 0.00318055 0.00339049 0.00308757 0.00307063 0.00298723 0.00295763 0.00301742 0.00315006 0.00308581 0.00337871 0.00292438 0.00308236 0.00298496 0.00301796 0.00286278 0.00308956 0.00293485 0.00297232 0.00291384 0.00290469 0.00305481 0.00334884 0.00266692 0.00281886 0.00280785 0.00290168 0.00288077 0.00292205 0.00290348 0.00286119 0.00286957 0.00284532 0.00274218 0.00276586 0.00288004 0.00281332 0.00283881 
====Eavg====
-2048 -2048 -2048 -2048 -2048 -2048 -2048 -2048 -2048 -2048 -2048 -2048 -2048 -2048 -2048 -2048 -2048 -2048 -2048 -2048 -2048 -2048 -2048 -2048 -2048 -2048 -2048 -2048 -2048 -2048 -2048 -2048 -2048 -2048 -2048 -2048 -2048 -2048 -2048 -2048 -2048 -2048 -2048 -2048 -2048 -2048 -2048 -2048 -2048 -2048 -2048 -2048 -2048 -2048 -2047.99 -2047.99 -2047.99 -2048 -2048 -2047.98 -2047.99 -2048 -2048 -2047.98 -2047.96 -2047.96 -2047.95 -2047.95 -2047.93 -2047.93 -2047.91 -2047.88 -2047.87 -2047.83 -2047.91 -2047.81 -2047.77 -2047.68 -2047.64 -2047.58 -2047.63 -2047.52 -2047.51 -2047.51 -2047.48 -2047.51 -2047.27 -2047.14 -2046.93 -2046.98 -2046.8 -2046.76 -2046.66 -2046.41 -2046.11 -2046.14 -2045.98 -2045.76 -2045.25 -2045.32 -2045.2 -2044.68 -2044.39 -2044.33 -2044.07 -2043.85 -2043.55 -2042.99 -2042.57 -2042 -2041.6 -2040.84 -2040.92 -2039.88 -2039.84 -2039.29 -2038.98 -2038.63 -2037.94 -2036.86 -2036.04 -2035.22 -2034.32 -2034.69 -2033.22 -2032.58 -2031.63 -2030.64 -2030.11 -2029.32 -2027.31 -2026.29 -2026.65 -2024.88 -2023.32 -2022.41 -2021.29 -2020.05 -2018.14 -2016.69 -2014.43 -2012.84 -2012.19 -2011.06 -2009.38 -2006.34 -2005.65 -2003.8 -2002.43 -2000.59 -1998.01 -1995.34 -1994.9 -1990.4 -1990.4 -1986.81 -1982.66 -1982.62 -1979.89 -1977.98 -1975.35 -1970.09 -1967.62 -1966.22 -1964 -1961.53 -1957.07 -1954.41 -1950.41 -1948.43 -1942.59 -1939.12 -1937.16 -1932.41 -1928.7 -1926.74 -1922.49 -1917.22 -1913.76 -1907.74 -1903.34 -1897.92 -1894.99 -1890.9 -1884.48 -1882.24 -1875.18 -1869.57 -1866.38 -1858.65 -1852.61 -1848.07 -1844.55 -1835.91 -1829.94 -1821.79 -1815.72 -1809.09 -1804.7 -1797.18 -1787.5 -1781.49 -1775.47 -1764.39 -1756.33 -1746.39 -1737.75 -1734.01 -1724.83 -1714.5 -1704.33 -1694.57 -1687.25 -1676.21 -1666.07 -1653.94 -1644.88 -1633 -1623.27 -1607.73 -1595.88 -1585.52 -1575.73 -1567.87 -1547.12 -1535.02 -1515.91 -1500.94 -1489.99 -1473.44 -1459.93 -1443.16 -1431.65 -1411.34 -1397.39 -1376.04 -1365.29 -1346.11 -1329.61 -1315.97 -1298.95 -1282.26 -1267.21 -1250.71 -1238.56 -1217.68 -1209.21 -1193.45 -1179.3 -1165.96 -1156.26 -1137.77 -1128.09 -1122.17 -1109.98 -1099.43 -1089.28 -1085.44 -1073.08 -1064.4 -1056.99 -1049.95 -1040.86 -1032.73 -1026.3 -1014.83 -1012.48 -1007.82 -1001.07 -992.656 -992.691 -979.961 -976.488 -965.531 -961.168 -956.977 -950.598 -947.707 -940.598 -934.129 -929.391 -924.727 -917.305 -913.051 -913.469 -904.992 -900.746 -893.301 -890.66 -887.152 -880.965 -873.352 -870.574 -867.754 -863.516 -854.176 -853.172 -849.02 -846.828 -839.266 -836.5 -832.688 -829.051 -826.809 -822.559 -814.391 -813.133 -807.426 -805.285 -802.23 -797.371 -794.793 -788.234 -783.43 -784.211 -778.156 -775.383 -772.215 -770.777 -767.434 -761.871 -759.996 -759.297 -753.566 -751.691 -746.902 -744.426 -743.645 -740.219 -738.383 -730.027 -728.52 -724.039 -724.215 -724.219 -720.172 -716.129 -709.91 -702.734 -704.828 -699.5 -703.07 -697.957 -694.848 -689.832 -689.938 -684.848 -682.324 -683.125 -678.621 -677.516 -674.082 -671.816 -672.312 -665.25 -662.344 -659.02 -656.195 -655.973 -654.223 -654.195 -650.891 -649.406 -645.258 -646.539 -639 -638.727 -634.738 -632.215 -631.703 -629.785 -627.332 -626.348 -622.652 -622.168 -617.523 -612.676 -613.207 -614.914 -609.656 -606.156 -609.484 -605.289 -601.59 -600.543 -598.504 -595.852 -596.086 -590.715 -595.48 -590.801 -586.078 -583.285 -582.602 -581.285 -581.191 -576.105 -576.746 -574.473 -575.785 -570.844 -569.051 -567.41 -564.914 -566.398 -561.164 -560.402 -559.52 -556.605 -552.859 -553.379 -551.996 -552.098 -548.18 -549.234 -544.215 -543.945 -541.934 -542.004 -538.895 -537.508 -537.184 -533.855 -531.93 -531.43 -528.895 -529.18 -528.223 -526.18 -523.27 -522.375 -518.836 -520.434 -519.543 -517.309 -514.395 -513.234 -510.879 -513.293 -509.609 -511.633 -507.367 -505.691 -505.281 -503.664 -504.031 -499.164 -498.945 -498.043 -494.375 -495.797 -491.879 -494.328 -490.012 -492.41 -493.875 -489.16 -489.078 -482.875 -485.289 -482.449 -483.168 -477.051 -476.27 -478.746 -475.461 -474.617 -475.281 -472.887 -471.355 -469.84 -469.309 -468.516 -467.855 -465.188 -466.25 -463.039 -464.543 -462.594 -462.879 -461.457 -456.457 -459.949 -456.578 -452.984 -453.168 -453.121 -451.461 -451.918 -452.32 -448.242 -447.961 -447.344 -447.051 -445.516 -443.699 -442.531 -443.043 -436.703 -438.176 -441.543 
====E2avg====
4.1943e+06 4.1943e+06 4.1943e+06 4.1943e+06 4.1943e+06 4.1943e+06 4.1943e+06 4.1943e+06 4.1943e+06 4.1943e+06 4.1943e+06 4.1943e+06 4.1943e+06 4.1943e+06 4.1943e+06 4.1943e+06 4.1943e+06 4.1943e+06 4.1943e+06 4.1943e+06 4.1943e+06 4.1943e+06 4.1943e+06 4.1943e+06 4.1943e+06 4.1943e+06 4.1943e+06 4.1943e+06 4.1943e+06 4.1943e+06 4.1943e+06 4.1943e+06 4.1943e+06 4.1943e+06 4.1943e+06 4.1943e+06 4.1943e+06 4.1943e+06 4.1943e+06 4.1943e+06 4.1943e+06 4.1943e+06 4.1943e+06 4.1943e+06 4.1943e+06 4.1943e+06 4.1943e+06 4.1943e+06 4.1943e+06 4.1943e+06 4.1943e+06 4.1943e+06 4.1943e+06 4.1943e+06 4.19427e+06 4.19427e+06 4.19427e+06 4.1943e+06 4.1943e+06 4.19424e+06 4.19427e+06 4.1943e+06 4.1943e+06 4.19421e+06 4.19414e+06 4.19414e+06 4.19411e+06 4.19408e+06 4.19402e+06 4.19402e+06 4.19394e+06 4.19379e+06 4.19378e+06 4.1936e+06 4.19392e+06 4.19352e+06 4.19335e+06 4.19298e+06 4.19285e+06 4.1926e+06 4.1928e+06 4.19236e+06 4.19231e+06 4.19231e+06 4.19216e+06 4.19231e+06 4.1913e+06 4.19078e+06 4.18991e+06 4.19014e+06 4.18939e+06 4.18924e+06 4.18884e+06 4.18782e+06 4.18659e+06 4.18671e+06 4.18604e+06 4.18514e+06 4.18305e+06 4.18336e+06 4.18288e+06 4.18076e+06 4.17956e+06 4.17931e+06 4.17825e+06 4.17735e+06 4.17613e+06 4.17385e+06 4.17212e+06 4.16983e+06 4.16819e+06 4.16507e+06 4.16542e+06 4.16118e+06 4.16101e+06 4.15875e+06 4.1575e+06 4.15608e+06 4.15329e+06 4.14889e+06 4.14558e+06 4.14224e+06 4.13858e+06 4.14007e+06 4.13412e+06 4.1315e+06 4.12766e+06 4.12367e+06 4.12151e+06 4.1183e+06 4.11017e+06 4.10601e+06 4.1075e+06 4.10035e+06 4.09402e+06 4.09034e+06 4.08583e+06 4.08083e+06 4.07315e+06 4.06733e+06 4.0582e+06 4.05183e+06 4.0492e+06 4.0447e+06 4.03799e+06 4.02576e+06 4.02299e+06 4.01562e+06 4.01007e+06 4.00283e+06 3.9925e+06 3.9819e+06 3.98011e+06 3.96224e+06 3.9622e+06 3.94794e+06 3.93153e+06 3.93139e+06 3.92059e+06 3.91303e+06 3.90274e+06 3.882e+06 3.87232e+06 3.86683e+06 3.85808e+06 3.84843e+06 3.83098e+06 3.82061e+06 3.80502e+06 3.7974e+06 3.77462e+06 3.76123e+06 3.75376e+06 3.73519e+06 3.72106e+06 3.71358e+06 3.69714e+06 3.67702e+06 3.66379e+06 3.64094e+06 3.62407e+06 3.60367e+06 3.59252e+06 3.5771e+06 3.55294e+06 3.54447e+06 3.51813e+06 3.49713e+06 3.48538e+06 3.4566e+06 3.43428e+06 3.41763e+06 3.40464e+06 3.37276e+06 3.35101e+06 3.32125e+06 3.29948e+06 3.27545e+06 3.25955e+06 3.23263e+06 3.19793e+06 3.17661e+06 3.15536e+06 3.11641e+06 3.08811e+06 3.05346e+06 3.02326e+06 3.01027e+06 2.97902e+06 2.94334e+06 2.90892e+06 2.87585e+06 2.85124e+06 2.81432e+06 2.78029e+06 2.74048e+06 2.71118e+06 2.67218e+06 2.63992e+06 2.59077e+06 2.55265e+06 2.5203e+06 2.4889e+06 2.46549e+06 2.40113e+06 2.36382e+06 2.30494e+06 2.26049e+06 2.22739e+06 2.17862e+06 2.13908e+06 2.09128e+06 2.05801e+06 2.00084e+06 1.961e+06 1.90215e+06 1.8723e+06 1.8213e+06 1.77692e+06 1.7405e+06 1.6958e+06 1.65264e+06 1.61469e+06 1.57188e+06 1.54231e+06 1.49015e+06 1.47006e+06 1.43159e+06 1.39766e+06 1.36626e+06 1.3435e+06 1.30101e+06 1.2784e+06 1.26497e+06 1.23809e+06 1.2143e+06 1.19204e+06 1.18365e+06 1.15636e+06 1.13784e+06 1.12235e+06 1.10745e+06 1.08835e+06 1.07167e+06 1.05773e+06 1.03452e+06 1.0298e+06 1.02055e+06 1.00671e+06 989338 989762 964659 957817 936518 928555 920059 907756 902316 888696 876896 867550 859377 845631 837815 838504 823011 815096 802261 797130 790998 780041 766505 761469 756943 749529 733423 731870 724369 720789 707925 703657 696717 691098 686942 680279 666838 664411 655700 651993 646875 639502 635656 624923 617443 618538 609051 604685 599948 597271 592369 583801 581199 579802 571247 568170 561233 557492 556395 551113 548555 536224 533985 527274 527874 527739 521839 516035 507124 496947 499978 492620 497433 490431 486169 479073 479188 472184 468764 469775 463490 462019 457716 454380 455309 445764 441581 437371 433814 433405 431039 430849 426542 424821 419315 421094 411149 410641 406043 402500 402127 399622 396414 395128 390692 390082 384340 378314 378933 381416 374550 370146 374597 369478 364847 363508 361257 357885 358363 351660 357458 352016 346264 342796 342271 340674 340537 334774 335477 332522 334190 328366 326396 324847 321923 323447 317561 316905 316067 312727 308526 308905 307462 307688 303208 304383 298773 298544 296265 296507 293131 291666 291393 287925 285625 284999 282406 282776 281675 279556 276474 275541 271874 273594 272664 270138 267017 266172 263678 266110 262319 264240 259993 258546 257838 256338 256638 251792 251587 250837 246998 248319 244660 247054 242520 245110 246534 241819 241720 235619 238290 235444 236108 230113 229544 231662 228674 227619 228495 225918 224721 223385 222853 221864 221693 219013 219872 217149 218245 216598 216657 215387 210995 214014 210983 207625 207966 207809 206243 206908 207272 203507 203301 202486 202311 201154 199429 198411 198797 193285 194622 197309 
====T====
0 0.01 0.02 0.03 0.04 0.05 0.06 0.07 0.08 0.09 0.1 0.11 0.12 0.13 0.14 0.15 0.16 0.17 0.18 0.19 0.2 0.21 0.22 0.23 0.24 0.25 0.26 0.27 0.28 0.29 0.3 0.31 0.32 0.33 0.34 0.35 0.36 0.37 0.38 0.39 0.4 0.41 0.42 0.43 0.44 0.45 0.46 0.47 0.48 0.49 0.5 0.51 0.52 0.53 0.54 0.55 0.56 0.57 0.58 0.59 0.6 0.61 0.62 0.63 0.64 0.65 0.66 0.67 0.68 0.69 0.7 0.71 0.72 0.73 0.74 0.75 0.76 0.77 0.78 0.79 0.8 0.81 0.82 0.83 0.84 0.85 0.86 0.87 0.88 0.89 0.9 0.91 0.92 0.93 0.94 0.95 0.96 0.97 0.98 0.99 1 1.01 1.02 1.03 1.04 1.05 1.06 1.07 1.08 1.09 1.1 1.11 1.12 1.13 1.14 1.15 1.16 1.17 1.18 1.19 1.2 1.21 1.22 1.23 1.24 1.25 1.26 1.27 1.28 1.29 1.3 1.31 1.32 1.33 1.34 1.35 1.36 1.37 1.38 1.39 1.4 1.41 1.42 1.43 1.44 1.45 1.46 1.47 1.48 1.49 1.5 1.51 1.52 1.53 1.54 1.55 1.56 1.57 1.58 1.59 1.6 1.61 1.62 1.63 1.64 1.65 1.66 1.67 1.68 1.69 1.7 1.71 1.72 1.73 1.74 1.75 1.76 1.77 1.78 1.79 1.8 1.81 1.82 1.83 1.84 1.85 1.86 1.87 1.88 1.89 1.9 1.91 1.92 1.93 1.94 1.95 1.96 1.97 1.98 1.99 2 2.01 2.02 2.03 2.04 2.05 2.06 2.07 2.08 2.09 2.1 2.11 2.12 2.13 2.14 2.15 2.16 2.17 2.18 2.19 2.2 2.21 2.22 2.23 2.24 2.25 2.26 2.27 2.28 2.29 2.3 2.31 2.32 2.33 2.34 2.35 2.36 2.37 2.38 2.39 2.4 2.41 2.42 2.43 2.44 2.45 2.46 2.47 2.48 2.49 2.5 2.51 2.52 2.53 2.54 2.55 2.56 2.57 2.58 2.59 2.6 2.61 2.62 2.63 2.64 2.65 2.66 2.67 2.68 2.69 2.7 2.71 2.72 2.73 2.74 2.75 2.76 2.77 2.78 2.79 2.8 2.81 2.82 2.83 2.84 2.85 2.86 2.87 2.88 2.89 2.9 2.91 2.92 2.93 2.94 2.95 2.96 2.97 2.98 2.99 3 3.01 3.02 3.03 3.04 3.05 3.06 3.07 3.08 3.09 3.1 3.11 3.12 3.13 3.14 3.15 3.16 3.17 3.18 3.19 3.2 3.21 3.22 3.23 3.24 3.25 3.26 3.27 3.28 3.29 3.3 3.31 3.32 3.33 3.34 3.35 3.36 3.37 3.38 3.39 3.4 3.41 3.42 3.43 3.44 3.45 3.46 3.47 3.48 3.49 3.5 3.51 3.52 3.53 3.54 3.55 3.56 3.57 3.58 3.59 3.6 3.61 3.62 3.63 3.64 3.65 3.66 3.67 3.68 3.69 3.7 3.71 3.72 3.73 3.74 3.75 3.76 3.77 3.78 3.79 3.8 3.81 3.82 3.83 3.84 3.85 3.86 3.87 3.88 3.89 3.9 3.91 3.92 3.93 3.94 3.95 3.96 3.97 3.98 3.99 4 4.01 4.02 4.03 4.04 4.05 4.06 4.07 4.08 4.09 4.1 4.11 4.12 4.13 4.14 4.15 4.16 4.17 4.18 4.19 4.2 4.21 4.22 4.23 4.24 4.25 4.26 4.27 4.28 4.29 4.3 4.31 4.32 4.33 4.34 4.35 4.36 4.37 4.38 4.39 4.4 4.41 4.42 4.43 4.44 4.45 4.46 4.47 4.48 4.49 4.5 4.51 4.52 4.53 4.54 4.55 4.56 4.57 4.58 4.59 4.6 4.61 4.62 4.63 4.64 4.65 4.66 4.67 4.68 4.69 4.7 4.71 4.72 4.73 4.74 4.75 4.76 4.77 4.78 4.79 4.8 4.81 4.82 4.83 4.84 4.85 4.86 4.87 4.88 4.89 4.9 4.91 4.92 4.93 4.94 4.95 4.96 4.97 4.98 4.99 5 
====beta====
inf 100 50 33.3333 25 20 16.6667 14.2857 12.5 11.1111 10 9.09091 8.33333 7.69231 7.14286 6.66667 6.25 5.88235 5.55556 5.26316 5 4.7619 4.54545 4.34783 4.16667 4 3.84615 3.7037 3.57143 3.44828 3.33333 3.22581 3.125 3.0303 2.94118 2.85714 2.77778 2.7027 2.63158 2.5641 2.5 2.43902 2.38095 2.32558 2.27273 2.22222 2.17391 2.12766 2.08333 2.04082 2 1.96078 1.92308 1.88679 1.85185 1.81818 1.78571 1.75439 1.72414 1.69492 1.66667 1.63934 1.6129 1.5873 1.5625 1.53846 1.51515 1.49254 1.47059 1.44928 1.42857 1.40845 1.38889 1.36986 1.35135 1.33333 1.31579 1.2987 1.28205 1.26582 1.25 1.23457 1.21951 1.20482 1.19048 1.17647 1.16279 1.14943 1.13636 1.1236 1.11111 1.0989 1.08696 1.07527 1.06383 1.05263 1.04167 1.03093 1.02041 1.0101 1 0.990099 0.980392 0.970874 0.961538 0.952381 0.943396 0.934579 0.925926 0.917431 0.909091 0.900901 0.892857 0.884956 0.877193 0.869565 0.862069 0.854701 0.847458 0.840336 0.833333 0.826446 0.819672 0.813008 0.806452 0.8 0.793651 0.787402 0.78125 0.775194 0.769231 0.763359 0.757576 0.75188 0.746269 0.740741 0.735294 0.729927 0.724638 0.719424 0.714286 0.70922 0.704225 0.699301 0.694444 0.689655 0.684932 0.680272 0.675676 0.671141 0.666667 0.662252 0.657895 0.653595 0.649351 0.645161 0.641026 0.636943 0.632911 0.628931 0.625 0.621118 0.617284 0.613497 0.609756 0.606061 0.60241 0.598802 0.595238 0.591716 0.588235 0.584795 0.581395 0.578035 0.574713 0.571429 0.568182 0.564972 0.561798 0.558659 0.555556 0.552486 0.549451 0.546448 0.543478 0.540541 0.537634 0.534759 0.531915 0.529101 0.526316 0.52356 0.520833 0.518135 0.515464 0.512821 0.510204 0.507614 0.505051 0.502513 0.5 0.497512 0.49505 0.492611 0.490196 0.487805 0.485437 0.483092 0.480769 0.478469 0.47619 0.473934 0.471698 0.469484 0.46729 0.465116 0.462963 0.460829 0.458716 0.456621 0.454545 0.452489 0.45045 0.44843 0.446429 0.444444 0.442478 0.440529 0.438596 0.436681 0.434783 0.4329 0.431034 0.429185 0.42735 0.425532 0.423729 0.421941 0.420168 0.41841 0.416667 0.414938 0.413223 0.411523 0.409836 0.408163 0.406504 0.404858 0.403226 0.401606 0.4 0.398406 0.396825 0.395257 0.393701 0.392157 0.390625 0.389105 0.387597 0.3861 0.384615 0.383142 0.381679 0.380228 0.378788 0.377358 0.37594 0.374532 0.373134 0.371747 0.37037 0.369004 0.367647 0.3663 0.364964 0.363636 0.362319 0.361011 0.359712 0.358423 0.357143 0.355872 0.35461 0.353357 0.352113 0.350877 0.34965 0.348432 0.347222 0.346021 0.344828 0.343643 0.342466 0.341297 0.340136 0.338983 0.337838 0.3367 0.33557 0.334448 0.333333 0.332226 0.331126 0.330033 0.328947 0.327869 0.326797 0.325733 0.324675 0.323625 0.322581 0.321543 0.320513 0.319489 0.318471 0.31746 0.316456 0.315457 0.314465 0.31348 0.3125 0.311526 0.310559 0.309598 0.308642 0.307692 0.306748 0.30581 0.304878 0.303951 0.30303 0.302115 0.301205 0.3003 0.299401 0.298507 0.297619 0.296736 0.295858 0.294985 0.294118 0.293255 0.292398 0.291545 0.290698 0.289855 0.289017 0.288184 0.287356 0.286533 0.285714 0.2849 0.284091 0.283286 0.282486 0.28169 0.280899 0.280112 0.27933 0.278552 0.277778 0.277008 0.276243 0.275482 0.274725 0.273973 0.273224 0.27248 0.271739 0.271003 0.27027 0.269542 0.268817 0.268097 0.26738 0.266667 0.265957 0.265252 0.26455 0.263852 0.263158 0.262467 0.26178 0.261097 0.260417 0.25974 0.259067 0.258398 0.257732 0.257069 0.25641 0.255754 0.255102 0.254453 0.253807 0.253165 0.252525 0.251889 0.251256 0.250627 0.25 0.249377 0.248756 0.248139 0.247525 0.246914 0.246305 0.2457 0.245098 0.244499 0.243902 0.243309 0.242718 0.242131 0.241546 0.240964 0.240385 0.239808 0.239234 0.238663 0.238095 0.23753 0.236967 0.236407 0.235849 0.235294 0.234742 0.234192 0.233645 0.2331 0.232558 0.232019 0.231481 0.230947 0.230415 0.229885 0.229358 0.228833 0.228311 0.22779 0.227273 0.226757 0.226244 0.225734 0.225225 0.224719 0.224215 0.223714 0.223214 0.222717 0.222222 0.221729 0.221239 0.220751 0.220264 0.21978 0.219298 0.218818 0.218341 0.217865 0.217391 0.21692 0.21645 0.215983 0.215517 0.215054 0.214592 0.214133 0.213675 0.21322 0.212766 0.212314 0.211864 0.211416 0.21097 0.210526 0.210084 0.209644 0.209205 0.208768 0.208333 0.2079 0.207469 0.207039 0.206612 0.206186 0.205761 0.205339 0.204918 0.204499 0.204082 0.203666 0.203252 0.20284 0.202429 0.20202 0.201613 0.201207 0.200803 0.200401 0.2 
====Chi====
-nan 0 0 0 0 0 0 0 0 0 0 0 0 0 0 0 0 0 0 0 0 0 0 0 0 0 0 0 0 0 0 0 0 0 0 0 0 0 0 0 0 0 0 0 0 0 0 0 0 0 0 0 0 0 7.05736e-06 6.92904e-06 6.80531e-06 0 0 1.29059e-05 6.35162e-06 0 0 1.8112e-05 2.96568e-05 2.92005e-05 3.44759e-05 3.95826e-05 6.12646e-05 4.93196e-05 7.55276e-05 8.46218e-05 0.000109767 0.000112494 6.1135e-05 0.000134225 0.000146169 0.000209448 0.000248654 0.000275973 0.000237226 0.000279585 0.000302962 0.000321721 0.000329772 0.000301245 0.000453268 0.000489991 0.000688637 0.000612856 0.000667733 0.000630102 0.000695653 0.000874326 0.00105668 0.00102318 0.00111839 0.00121246 0.00147035 0.0015054 0.00142139 0.00185847 0.00175161 0.00180317 0.00199535 0.00200993 0.00215693 0.00268109 0.00294353 0.00301861 0.0031756 0.0035233 0.00354252 0.00428072 0.00390185 0.00418702 0.00464483 0.004716 0.00496476 0.00519577 0.00651471 0.00640646 0.00713496 0.006809 0.00759887 0.00739391 0.00752049 0.00848347 0.0100106 0.00860335 0.00994682 0.0102056 0.010904 0.0115722 0.0122507 0.0123928 0.0123027 0.0139261 0.0149718 0.0167691 0.01526 0.0183084 0.017121 0.0194139 0.0211104 0.0209697 0.0208446 0.0235119 0.0216302 0.0262676 0.02741 0.0302685 0.0277089 0.0323075 0.0305225 0.0315455 0.035819 0.0371803 0.03681 0.0401992 0.0451782 0.0459958 0.0520163 0.051746 0.0513278 0.0578168 0.0567352 0.0601287 0.0642643 0.0710926 0.0657462 0.0739919 0.0801654 0.0683149 0.0792075 0.0860441 0.0819929 0.0915004 0.104223 0.111868 0.110239 0.122263 0.128136 0.142126 0.137467 0.145288 0.165655 0.166642 0.179863 0.191884 0.192175 0.224699 0.216502 0.231792 0.245611 0.256084 0.265732 0.285892 0.27287 0.304916 0.333385 0.364043 0.389966 0.442538 0.428038 0.556358 0.54579 0.58025 0.655329 0.716937 0.80668 0.855603 0.868322 0.996438 1.1235 1.12562 1.36197 1.32906 1.38904 1.73679 1.83119 2.06959 2.4612 2.6238 2.97706 3.22651 3.26177 3.67584 3.78673 4.20922 4.88483 5.57931 6.16377 6.7298 7.06344 7.33986 8.20243 9.25579 9.95645 11.1811 12.1485 12.9059 13.9864 14.1467 15.2 15.0561 16.1816 16.8693 17.4937 18.4573 18.1199 18.4197 17.8574 17.5331 17.5473 16.5907 17.0956 16.7925 16.2271 14.7922 15.668 14.4008 13.3168 11.9595 11.8026 10.8474 10.5414 10.2514 10.1549 9.52978 9.65906 8.85537 7.93585 7.06235 7.26384 7.42741 7.21847 7.18259 6.9859 6.65283 6.31291 5.92084 5.63236 5.76668 5.74379 5.27116 5.20773 4.92403 4.64566 4.63661 4.72841 4.26763 4.44036 4.61231 4.64789 4.07995 4.26208 3.95003 4.01771 3.79692 3.95007 3.85237 3.8393 3.68054 3.52151 3.41163 3.27771 3.30558 3.07051 3.00106 3.02598 3.09572 3.07682 3.11066 2.77406 2.94638 2.68414 2.78489 2.83043 2.80378 2.66132 2.63431 2.60458 2.50401 2.55406 2.3832 2.48302 2.32909 2.26471 2.33732 2.28411 2.11506 2.18741 2.28947 2.0994 2.29188 2.04771 2.12285 2.10453 1.94285 1.90628 1.91696 1.77635 1.83113 1.85882 1.85461 2.01955 1.77012 1.85407 1.74255 1.75484 1.81164 1.70626 1.55238 1.69715 1.73085 1.68818 1.63681 1.61533 1.54633 1.52906 1.5157 1.67822 1.48071 1.50986 1.47297 1.45151 1.43181 1.34935 1.40295 1.434 1.5014 1.33343 1.37128 1.43398 1.36762 1.3313 1.32674 1.2922 1.2604 1.24882 1.24665 1.29 1.2315 1.30963 1.21852 1.30845 1.11432 1.19427 1.23786 1.17814 1.10492 1.16371 1.13026 1.03581 1.01336 1.13991 1.00869 1.06267 1.02913 1.14653 1.06837 1.05204 1.0344 0.989948 1.07346 0.916753 0.995465 0.958431 1.03552 0.949708 0.936748 0.921254 0.946055 0.915489 0.91223 0.95469 1.05036 0.935716 0.97466 0.948189 0.876275 0.862415 0.915895 0.868298 0.935741 0.895726 0.845418 0.838205 0.861478 0.864997 0.892819 0.834041 0.809345 0.807583 0.834452 0.832038 0.806726 0.808192 0.818469 0.749373 0.784666 0.751365 0.751605 0.825218 0.838855 0.743926 0.828871 0.729947 0.73725 0.717432 0.720651 0.739154 0.723609 0.711116 0.714335 0.771498 0.755992 0.709422 0.73927 0.685708 0.699806 0.723111 0.686804 0.700718 0.743169 0.678355 0.672355 0.653603 0.645124 0.657219 0.684497 0.668992 0.731323 0.631342 0.662928 0.642105 0.647665 0.612371 0.660406 0.625991 0.632764 0.617751 0.61548 0.64406 0.706218 0.561694 0.591238 0.588475 0.607224 0.601111 0.608791 0.603998 0.59364 0.594499 0.587884 0.565017 0.569867 0.591507 0.577103 0.581384 
====Cv====
-nan 0 0 0 0 0 0 0 0 0 0 0 0 0 0 0 0 0 0 0 0 0 0 0 0 0 0 0 0 0 0 0 0 0 0 0 0 0 0 0 0 0 0 0 0 0 0 0 0 0 0 0 0 0 0.000209107 0.000201572 0.000194437 0 0 0.000349991 0.000169377 0 0 0.000459987 0.00074142 0.000718783 0.000835779 0.000945256 0.00144152 0.00114364 0.00150979 0.00190697 0.00223515 0.00246561 0.00132184 0.0026762 0.00307723 0.00417622 0.0045875 0.00542332 0.00441959 0.00552267 0.00575816 0.00575314 0.00628138 0.00552783 0.00815929 0.00861427 0.0118844 0.0106427 0.0116298 0.0109612 0.011642 0.0141672 0.0170475 0.0164124 0.0177815 0.0189457 0.0220783 0.0222699 0.0215051 0.0273 0.0256987 0.0265092 0.0282954 0.0290576 0.0302308 0.0374438 0.0394482 0.0397877 0.0410328 0.0446739 0.045684 0.0536079 0.0490704 0.0512083 0.0566644 0.0547605 0.0595248 0.0615775 0.0738661 0.0704558 0.0790766 0.074592 0.0815072 0.0819591 0.0806706 0.0904365 0.0975582 0.0909827 0.101735 0.0992723 0.107462 0.111951 0.115563 0.116741 0.116072 0.127067 0.132451 0.142838 0.129279 0.150261 0.144232 0.15425 0.173587 0.167129 0.166934 0.181846 0.16219 0.202173 0.194377 0.216441 0.198541 0.223642 0.211689 0.217784 0.241186 0.240184 0.236059 0.246786 0.275738 0.281426 0.293267 0.292741 0.285161 0.29706 0.307735 0.313225 0.324495 0.342771 0.331364 0.351891 0.380403 0.323986 0.374879 0.397574 0.365413 0.399056 0.408469 0.44408 0.412737 0.466327 0.454795 0.468222 0.478482 0.467373 0.518113 0.513273 0.554464 0.552552 0.57755 0.609978 0.60227 0.579855 0.605866 0.60432 0.66932 0.661879 0.649879 0.681015 0.67262 0.704316 0.734975 0.788244 0.800368 0.827689 0.804319 0.794914 0.897733 0.85703 0.927939 0.939927 0.961809 1.00064 0.962993 1.04656 1.15889 1.14154 1.00669 1.21833 1.17168 1.28673 1.18041 1.43023 1.46559 1.45425 1.33302 1.45492 1.37648 1.41326 1.42082 1.57003 1.52007 1.61295 1.48256 1.52983 1.45143 1.61319 1.56107 1.49168 1.44776 1.41946 1.48058 1.255 1.35727 1.2063 1.27095 1.16559 1.09657 1.07147 1.02638 1.00663 0.894605 0.869829 0.914472 0.832543 0.821223 0.80813 0.713103 0.71313 0.739742 0.726004 0.704187 0.726155 0.62009 0.644408 0.646983 0.662708 0.619536 0.535983 0.579454 0.576506 0.565918 0.559196 0.612863 0.549439 0.528247 0.530462 0.501943 0.539408 0.471283 0.526557 0.513709 0.506422 0.493879 0.480964 0.447958 0.506847 0.453812 0.462854 0.457792 0.433838 0.40882 0.448902 0.437206 0.427232 0.442295 0.391323 0.403752 0.388684 0.425859 0.360955 0.403986 0.354112 0.38849 0.378579 0.336473 0.389968 0.361176 0.33764 0.376114 0.399854 0.362152 0.366899 0.351699 0.34682 0.339001 0.352971 0.306491 0.32766 0.319795 0.341639 0.307972 0.316777 0.291185 0.311552 0.305241 0.309412 0.289474 0.30183 0.29453 0.289193 0.269426 0.298246 0.2842 0.277675 0.276319 0.270973 0.265945 0.271552 0.280463 0.262429 0.274414 0.278557 0.264499 0.260427 0.258438 0.259318 0.251225 0.237586 0.238497 0.263907 0.239799 0.259025 0.249849 0.223342 0.236151 0.246824 0.236598 0.2297 0.216853 0.216032 0.230432 0.219209 0.227128 0.207268 0.194627 0.228385 0.202259 0.220792 0.213461 0.203505 0.19878 0.21032 0.208696 0.208697 0.203265 0.199964 0.225284 0.195091 0.184004 0.210276 0.207663 0.195516 0.189168 0.20096 0.18655 0.198537 0.176214 0.184667 0.190695 0.177377 0.163608 0.179993 0.17501 0.17233 0.179113 0.176027 0.154333 0.163262 0.152794 0.156487 0.174825 0.168067 0.157969 0.158108 0.169081 0.177156 0.171164 0.16768 0.155483 0.159677 0.165468 0.154992 0.155266 0.147601 0.150533 0.144493 0.153056 0.1515 0.152303 0.155744 0.160314 0.146046 0.140204 0.144714 0.147712 0.142233 0.143443 0.141287 0.140776 0.141037 0.143505 0.142672 0.131184 0.124631 0.141903 0.137069 0.134412 0.132638 0.12468 0.129142 0.141092 0.125857 0.131773 0.127765 0.128975 0.129051 0.135754 0.125535 0.120799 0.130371 0.128768 0.114599 0.125206 0.123665 0.119363 0.117932 0.114111 0.129059 0.123992 0.122098 0.116013 0.123527 0.111781 0.117899 0.106039 0.116558 0.102395 0.112995 0.116517 0.114545 0.10332 0.122424 0.113614 0.10748 0.118244 0.10493 0.11133 0.102156 0.103602 0.111504 0.103436 0.105472 0.101296 0.108136 0.10297 0.0998908 0.109837 0.109381 0.105181 0.106633 0.0955883 0.0987059 0.106825 0.102014 0.102307 0.0992418 0.101422 0.102926 0.0917509 
