Size of the state?
64
0: ordered; others: disordered.
0
Temperature begin/end/step?
0 5 0.01        
Thermalization steps? (10000+)
10000
Number of the workers?
1024
Done, time elapsed: 80s.
====Mavg====
1 1 1 1 1 1 1 1 1 1 1 1 1 1 1 1 1 1 1 1 1 1 1 1 1 1 1 1 1 1 1 1 1 1 1 1 1 1 1 1 1 1 1 1 1 1 1 1 1 1 1 1 1 1 0.999999 1 0.999999 0.999999 0.999995 0.999999 0.999995 0.999997 0.999994 0.999993 0.999993 0.999989 0.999981 0.999982 0.999981 0.999976 0.99998 0.999968 0.999968 0.999962 0.999963 0.999959 0.999942 0.999943 0.999921 0.999914 0.999898 0.999903 0.999876 0.999871 0.99985 0.999834 0.999817 0.999781 0.999764 0.999739 0.999725 0.999699 0.999661 0.999624 0.999578 0.999549 0.999459 0.999465 0.999406 0.999338 0.999311 0.999258 0.999153 0.999089 0.999004 0.998972 0.998869 0.998746 0.998656 0.998595 0.998446 0.998284 0.998241 0.998068 0.997948 0.997854 0.997749 0.997581 0.997375 0.997187 0.997088 0.996953 0.996785 0.996485 0.996229 0.996046 0.995809 0.995595 0.995415 0.995079 0.994833 0.994581 0.994239 0.993942 0.993531 0.993378 0.99306 0.992644 0.99217 0.991797 0.991321 0.991085 0.990788 0.990168 0.989895 0.989259 0.988825 0.988102 0.987523 0.987092 0.986603 0.986292 0.985583 0.98489 0.984217 0.983621 0.982817 0.98208 0.981449 0.980624 0.979908 0.978888 0.978291 0.977463 0.976321 0.975577 0.974479 0.973538 0.972735 0.971697 0.970555 0.969384 0.968178 0.967145 0.965926 0.964499 0.963314 0.961932 0.960963 0.959332 0.957723 0.956397 0.954488 0.953003 0.951759 0.950206 0.948295 0.946935 0.944872 0.942877 0.940684 0.938343 0.936195 0.934218 0.931492 0.928953 0.926566 0.923783 0.92068 0.91848 0.915298 0.912704 0.909774 0.906927 0.903958 0.900577 0.89738 0.893806 0.890729 0.886786 0.88211 0.877921 0.873335 0.869034 0.863957 0.859666 0.853973 0.849101 0.843335 0.837584 0.831792 0.825972 0.818606 0.812492 0.805937 0.799358 0.792737 0.785667 0.776947 0.769543 0.760246 0.751236 0.741537 0.731046 0.721726 0.710407 0.700195 0.689359 0.677481 0.665681 0.653407 0.640307 0.626882 0.612716 0.598901 0.583866 0.569798 0.555808 0.53927 0.522897 0.506476 0.491302 0.474907 0.458165 0.4405 0.423896 0.405845 0.389815 0.370965 0.352837 0.336145 0.318952 0.3004 0.283486 0.267119 0.250175 0.234268 0.217576 0.201847 0.188275 0.17321 0.158683 0.144765 0.132634 0.120615 0.110968 0.101781 0.0911264 0.0823798 0.0741272 0.0669427 0.0597997 0.0533528 0.0463681 0.0407062 0.0361285 0.0319905 0.0280566 0.0233607 0.0204363 0.0172062 0.0140572 0.0113578 0.00956583 0.00812483 0.00700235 0.00632572 0.0064249 0.00504398 0.00419855 0.00578403 0.00576782 0.00651598 0.00746536 0.00481272 0.00489616 0.00429964 0.00281477 0.00174093 0.00128603 3.62396e-05 0.000740051 0.000691891 0.00217581 0.000263214 0.00113916 0.000762463 0.000233173 -0.000619411 0.00142479 0.00104904 0.000550747 0.00152063 0.00025034 -0.000683308 -2.38419e-06 -1.09673e-05 -0.00114536 -0.00129747 -0.000411987 0.000291348 -0.000170708 2.67029e-05 -0.000251293 -0.0017333 -0.000508308 0.00106764 0.00247955 0.00138044 0.00164938 0.00178242 0.00034523 -0.000616074 5.48363e-05 -6.00815e-05 -0.000586033 -0.000463486 0.000912666 0.000602722 -0.00124168 -0.00107098 -0.000729561 -1.23978e-05 0.000640392 -0.00029707 0.000614643 -0.00133276 -0.00248432 -0.00210857 -0.0012908 -0.000563622 0.000670433 -0.000329971 -0.000142574 -5.24521e-05 0.0021143 0.0016408 0.00103045 0.00191021 0.00181866 -9.91821e-05 -2.38419e-06 0.000237465 4.57764e-05 0.000709534 0.000177383 0.000425816 9.63211e-05 0.000105858 -0.00109959 -0.000810623 -0.000164509 0.00100374 -0.000309467 -0.0010972 2.00272e-05 0.000750065 0.000338554 -0.000274181 -0.000575066 0.000992775 0.000877857 -1.23978e-05 0.00039053 -6.77109e-05 -0.00175238 -0.00113678 0.000493526 0.00107384 0.00113058 0.000830173 0.00105715 0.000746727 -8.10623e-06 -0.00151873 0.000460148 -0.000826836 -0.0014472 0.000594139 0.000688076 -0.000101089 8.4877e-05 0.000234127 0.0009408 -2.86102e-06 -0.00270796 -0.00155878 -0.000245571 -0.000768661 0.000225544 -0.000939846 -0.00121164 -5.57899e-05 -0.000287056 0.00110197 -0.000593185 0.00110483 0.00054121 -0.000500679 -2.38419e-05 -0.000402927 0.000330448 0.000879288 -0.000252724 0.000540733 0.000184059 -0.000776768 -0.000556946 -1.4782e-05 0.000642776 -0.000905037 -0.00106287 0.00119305 -3.52859e-05 0.00164986 -0.000442982 -0.00013113 -0.000449181 -0.000652313 2.86102e-06 0.000337124 -0.000605106 -5.19753e-05 0.000145435 -0.0010829 -0.000690937 -0.000482559 -0.000606537 -0.000567913 0.000699043 0.00109529 0.0002141 0.000105858 0.000272274 0.000598431 3.52859e-05 -0.00049305 -5.00679e-05 -0.00155878 -0.00179148 0.000436306 -8.96454e-05 0.000595093 0.00157166 0.000641346 0.000117779 -0.00102854 0.000573635 -0.00112534 0.00013876 -0.000663757 -0.000795841 -0.000767708 0.00163889 0.000452995 -0.000185013 -0.000610828 1.38283e-05 -0.000118256 -0.000597477 -0.000360489 0.000451565 0.000355721 0.00107813 0.00086832 0.000789642 -0.000402451 0.000236034 0.000369072 0.000665188 0.000595093 
====M2avg====
1 1 1 1 1 1 1 1 1 1 1 1 1 1 1 1 1 1 1 1 1 1 1 1 1 1 1 1 1 1 1 1 1 1 1 1 1 1 1 1 1 1 1 1 1 1 1 1 1 1 1 1 1 0.999999 0.999998 0.999999 0.999997 0.999997 0.99999 0.999998 0.99999 0.999994 0.999988 0.999987 0.999986 0.999977 0.999963 0.999965 0.999962 0.999951 0.99996 0.999936 0.999935 0.999924 0.999927 0.999918 0.999884 0.999887 0.999842 0.999828 0.999796 0.999806 0.999753 0.999742 0.999701 0.999667 0.999634 0.999561 0.999528 0.999478 0.99945 0.999398 0.999322 0.999248 0.999155 0.999099 0.998919 0.998932 0.998812 0.998677 0.998623 0.998517 0.998307 0.99818 0.99801 0.997946 0.997741 0.997495 0.997315 0.997193 0.996894 0.996572 0.996486 0.996141 0.995901 0.995713 0.995504 0.99517 0.994759 0.994383 0.994187 0.993918 0.993582 0.992985 0.992475 0.992109 0.991637 0.991213 0.990853 0.990185 0.989697 0.989194 0.988515 0.987924 0.987109 0.986803 0.986172 0.985348 0.984407 0.983668 0.982723 0.982256 0.981666 0.98044 0.979899 0.97864 0.977783 0.976354 0.97521 0.974361 0.973395 0.972783 0.971385 0.970021 0.968694 0.967523 0.965942 0.964495 0.963257 0.961639 0.960234 0.958237 0.957071 0.955452 0.953223 0.951773 0.949631 0.947801 0.946238 0.944224 0.942008 0.939734 0.9374 0.935402 0.933046 0.930295 0.92801 0.925351 0.923489 0.920363 0.917282 0.914744 0.911098 0.90827 0.905901 0.902952 0.899323 0.896753 0.892852 0.889091 0.884969 0.880576 0.87655 0.872855 0.867784 0.863061 0.858644 0.853496 0.847784 0.843755 0.837918 0.833191 0.827859 0.822695 0.81733 0.81123 0.805506 0.799114 0.793632 0.786629 0.77836 0.771016 0.76299 0.755513 0.746765 0.739401 0.729659 0.721407 0.711675 0.702029 0.692414 0.682788 0.670713 0.660784 0.650217 0.639731 0.629218 0.6181 0.604519 0.593181 0.578978 0.565484 0.551111 0.535828 0.52237 0.506215 0.491966 0.47702 0.460823 0.44505 0.428919 0.412117 0.395284 0.377795 0.361192 0.343772 0.327778 0.312257 0.294324 0.277027 0.260357 0.245286 0.229679 0.2142 0.198618 0.184467 0.16967 0.157182 0.143094 0.130046 0.118519 0.107229 0.0959023 0.0860067 0.0769666 0.0681603 0.0604999 0.0529276 0.0464608 0.0408669 0.0353977 0.0304849 0.026494 0.0228905 0.0197431 0.0172925 0.0150408 0.0131133 0.0116093 0.0103449 0.00898171 0.00801906 0.00717779 0.00641025 0.00567709 0.00551795 0.00538176 0.00483587 0.0045057 0.00413158 0.0037049 0.00377613 0.00342613 0.00329394 0.00309283 0.00300864 0.00290679 0.00292819 0.00291804 0.00284203 0.00289902 0.00270771 0.00279559 0.00285887 0.00271649 0.00273825 0.00268688 0.00251796 0.00251978 0.00248406 0.00231787 0.00223486 0.00235841 0.00216911 0.00222806 0.00226826 0.00226884 0.00220118 0.00217791 0.00199481 0.00211 0.00208732 0.00212355 0.00206779 0.00200827 0.00189489 0.00188659 0.00189156 0.00185146 0.00184806 0.00172214 0.00175576 0.00176001 0.00186682 0.00176437 0.00190247 0.00178576 0.00181541 0.00176316 0.00173652 0.0017648 0.00172383 0.00158631 0.00155811 0.00162592 0.00162462 0.00149453 0.00146969 0.00164046 0.00154062 0.00144447 0.00139326 0.00133763 0.00141562 0.00146992 0.00149364 0.0014035 0.00134109 0.00132339 0.00145727 0.00138878 0.00148873 0.00140711 0.00140824 0.00129142 0.00125255 0.00131701 0.00132239 0.00126101 0.00118399 0.00123064 0.0012128 0.00117841 0.0012944 0.0012742 0.00123716 0.00126073 0.0012235 0.0011236 0.00120966 0.00118014 0.00112597 0.00128494 0.00115333 0.00116651 0.00117742 0.00115385 0.00112562 0.00107257 0.00109688 0.00111246 0.00113453 0.00115518 0.00108685 0.00117355 0.0010559 0.00104652 0.00105008 0.00105716 0.0010718 0.000986727 0.0010221 0.00107158 0.0009876 0.000980591 0.00106794 0.000987391 0.00102524 0.000974185 0.000937683 0.000935559 0.00092218 0.000910422 0.000939421 0.000907789 0.00101214 0.00095339 0.000953881 0.000978086 0.000918957 0.000903498 0.000884798 0.000927966 0.000855433 0.000884359 0.000909812 0.000844945 0.000901497 0.000971986 0.0009376 0.000848948 0.000966144 0.000836708 0.000860536 0.000918212 0.000883844 0.000832679 0.000859625 0.000874277 0.000898052 0.000871258 0.000821695 0.000908858 0.00084529 0.000865163 0.000866893 0.00089057 0.000868867 0.000854833 0.00074767 0.000789369 0.000805138 0.000844821 0.000826796 0.000809408 0.000758445 0.000802633 0.000797719 0.000861821 0.000822356 0.000813321 0.000818657 0.000840368 0.000835548 0.00082663 0.000777442 0.000765551 0.000803387 0.000806352 0.000808263 0.000726091 0.000824599 0.000730551 0.000827627 0.000782065 0.000781491 0.000736085 0.000736953 0.00072528 0.000795911 0.000761071 0.000772008 0.000719175 0.000698584 0.000703579 0.000694614 0.000701146 0.000654967 0.0007062 0.000668013 0.000741372 0.000715255 0.000716355 0.00071099 0.000717444 0.000706038 0.000739613 0.000670969 0.000705528 0.00071702 0.000717052 
====Eavg====
-8192 -8192 -8192 -8192 -8192 -8192 -8192 -8192 -8192 -8192 -8192 -8192 -8192 -8192 -8192 -8192 -8192 -8192 -8192 -8192 -8192 -8192 -8192 -8192 -8192 -8192 -8192 -8192 -8192 -8192 -8192 -8192 -8192 -8192 -8192 -8192 -8192 -8192 -8192 -8192 -8192 -8192 -8192 -8192 -8192 -8192 -8192 -8192 -8192 -8192 -8192 -8192 -8192 -8191.99 -8191.98 -8191.99 -8191.98 -8191.98 -8191.92 -8191.98 -8191.92 -8191.96 -8191.91 -8191.89 -8191.89 -8191.82 -8191.7 -8191.72 -8191.7 -8191.64 -8191.7 -8191.54 -8191.48 -8191.39 -8191.41 -8191.34 -8191.06 -8191.08 -8190.75 -8190.62 -8190.34 -8190.43 -8190 -8189.91 -8189.57 -8189.31 -8189.02 -8188.43 -8188.21 -8187.82 -8187.53 -8187.13 -8186.52 -8185.93 -8185.19 -8184.75 -8183.29 -8183.38 -8182.4 -8181.35 -8180.93 -8180.09 -8178.42 -8177.34 -8176.02 -8175.61 -8173.91 -8171.95 -8170.56 -8169.56 -8167.29 -8164.76 -8164.15 -8161.46 -8159.53 -8158.05 -8156.32 -8153.78 -8150.67 -8148 -8146.27 -8144.07 -8141.45 -8137.01 -8133.18 -8130.2 -8126.84 -8123.46 -8120.63 -8115.68 -8111.88 -8108.13 -8103.16 -8098.45 -8092.67 -8090.25 -8085.61 -8079.39 -8072.85 -8067.32 -8060.96 -8056.75 -8052.55 -8043.56 -8039.63 -8030.54 -8024.25 -8014.11 -8006.46 -8000.31 -7993 -7988.51 -7978.41 -7969.23 -7959.01 -7952.11 -7940.71 -7930.7 -7921.95 -7911.52 -7902.86 -7888.5 -7879.73 -7868.88 -7854.87 -7844.62 -7830.89 -7818.62 -7808.05 -7793.6 -7779.73 -7765.46 -7751.06 -7736.8 -7721.74 -7704.22 -7688.94 -7672.07 -7662.43 -7642.96 -7623.86 -7606.77 -7584.49 -7568.2 -7553.05 -7535.01 -7512.95 -7497.8 -7474.14 -7454.98 -7429.71 -7406.48 -7383.5 -7362.64 -7335.99 -7307.64 -7283.13 -7254.48 -7225.06 -7203.82 -7172.13 -7146.96 -7122.1 -7093.34 -7065.4 -7035.23 -7007.75 -6976.67 -6947.22 -6912.35 -6873.32 -6834.9 -6799.1 -6763.71 -6725.91 -6688.95 -6648.79 -6612.59 -6569.23 -6529.56 -6488.87 -6446.71 -6397.14 -6357.39 -6312.43 -6265.39 -6224.96 -6185.66 -6123.42 -6086.72 -6026.93 -5977.56 -5927.34 -5872.58 -5821.61 -5764.27 -5710.14 -5664.05 -5607.18 -5550.82 -5494.2 -5435.73 -5374.54 -5316.91 -5258.14 -5202.95 -5148.41 -5096.49 -5038.19 -4977.32 -4923.31 -4869.88 -4813.18 -4759.62 -4711.47 -4658.11 -4608.08 -4557.58 -4511.65 -4463.36 -4417.62 -4371.15 -4324.83 -4283.4 -4237.38 -4198.98 -4168.47 -4118.61 -4090.1 -4061.94 -4026 -3991.29 -3960.65 -3934.43 -3901.68 -3876.07 -3853.1 -3825.21 -3809.14 -3774.63 -3752.57 -3722.21 -3697.72 -3683.04 -3659.29 -3637.73 -3621.34 -3600.3 -3576.14 -3562.4 -3530.86 -3523.68 -3504.95 -3476.16 -3460.97 -3444.63 -3422.37 -3412.25 -3383.64 -3364.8 -3360.05 -3336.77 -3327.22 -3309.86 -3292.28 -3277.15 -3257.2 -3244.1 -3230.4 -3214.74 -3200.81 -3182.8 -3167.96 -3158.49 -3146.91 -3122.63 -3119.79 -3102.91 -3080.6 -3072.78 -3058.35 -3038.95 -3030.18 -3019.43 -3003.54 -2987.32 -2974.43 -2958.57 -2954.49 -2939.65 -2930.25 -2911.73 -2902.29 -2892.96 -2881.44 -2870.87 -2862.28 -2850.54 -2834.32 -2824.18 -2814.86 -2800.1 -2792.88 -2783.74 -2765.93 -2752 -2745.61 -2735.07 -2725.4 -2722.48 -2705.86 -2699.36 -2680.52 -2675.62 -2667 -2655.59 -2645.52 -2637.21 -2624.33 -2613.23 -2610.66 -2601.68 -2593.49 -2582.44 -2571.07 -2563.98 -2560.47 -2549.32 -2543.83 -2528.61 -2523.61 -2516.12 -2502.06 -2495.32 -2485.41 -2475.27 -2465.41 -2453.59 -2451.64 -2447.44 -2433.61 -2431.43 -2417.99 -2406.16 -2399.62 -2391.5 -2382.96 -2383.43 -2374.69 -2369.56 -2354.89 -2349.48 -2342.24 -2331.69 -2327.31 -2321.03 -2310.02 -2306.89 -2296.47 -2290.09 -2287.71 -2272.96 -2277.18 -2263.38 -2255.91 -2254.83 -2246.66 -2235.75 -2226.97 -2216.43 -2210.54 -2207.91 -2201.72 -2200.14 -2186.31 -2180.48 -2179.13 -2167.29 -2157.08 -2158.63 -2155.18 -2144.66 -2143.2 -2133.32 -2128.12 -2115.54 -2113.47 -2112.43 -2109.14 -2099.25 -2088.43 -2085.9 -2081.51 -2072.52 -2063.74 -2062.13 -2055 -2054.41 -2047.13 -2044.22 -2034.1 -2032.18 -2024 -2017.51 -2014.9 -2008.43 -1998.14 -2001.73 -1995.91 -1983.84 -1981.45 -1971.8 -1967.31 -1968.25 -1960.74 -1954.55 -1950.22 -1945.14 -1938.45 -1940.24 -1930.14 -1927.5 -1920.07 -1920.07 -1910.91 -1907.9 -1897.9 -1896.45 -1890.7 -1888.85 -1887.35 -1880.36 -1870.82 -1865.35 -1863.57 -1857.85 -1852.57 -1855.75 -1844.64 -1845.91 -1840.32 -1831.81 -1826.32 -1823.99 -1819.71 -1816.83 -1808.64 -1807.04 -1799.52 -1799.3 -1795.31 -1790.22 -1784.22 -1782.83 -1782.12 -1778.04 -1771.3 -1761.16 -1761.62 -1758.46 -1754.2 
====E2avg====
6.71089e+07 6.71089e+07 6.71089e+07 6.71089e+07 6.71089e+07 6.71089e+07 6.71089e+07 6.71089e+07 6.71089e+07 6.71089e+07 6.71089e+07 6.71089e+07 6.71089e+07 6.71089e+07 6.71089e+07 6.71089e+07 6.71089e+07 6.71089e+07 6.71089e+07 6.71089e+07 6.71089e+07 6.71089e+07 6.71089e+07 6.71089e+07 6.71089e+07 6.71089e+07 6.71089e+07 6.71089e+07 6.71089e+07 6.71089e+07 6.71089e+07 6.71089e+07 6.71089e+07 6.71089e+07 6.71089e+07 6.71089e+07 6.71089e+07 6.71089e+07 6.71089e+07 6.71089e+07 6.71089e+07 6.71089e+07 6.71089e+07 6.71089e+07 6.71089e+07 6.71089e+07 6.71089e+07 6.71089e+07 6.71089e+07 6.71089e+07 6.71089e+07 6.71089e+07 6.71089e+07 6.71087e+07 6.71086e+07 6.71087e+07 6.71085e+07 6.71085e+07 6.71076e+07 6.71086e+07 6.71075e+07 6.71082e+07 6.71073e+07 6.71071e+07 6.71071e+07 6.71059e+07 6.7104e+07 6.71043e+07 6.71039e+07 6.71029e+07 6.71039e+07 6.71013e+07 6.71003e+07 6.70988e+07 6.70991e+07 6.70981e+07 6.70935e+07 6.70938e+07 6.70883e+07 6.70862e+07 6.70817e+07 6.70832e+07 6.70762e+07 6.70746e+07 6.7069e+07 6.70648e+07 6.70601e+07 6.70504e+07 6.70468e+07 6.70405e+07 6.70357e+07 6.70292e+07 6.70191e+07 6.70094e+07 6.69973e+07 6.69901e+07 6.69663e+07 6.69678e+07 6.69518e+07 6.69346e+07 6.69277e+07 6.6914e+07 6.68866e+07 6.68691e+07 6.68475e+07 6.68407e+07 6.6813e+07 6.6781e+07 6.67583e+07 6.67419e+07 6.67048e+07 6.66635e+07 6.66536e+07 6.66096e+07 6.65782e+07 6.6554e+07 6.65258e+07 6.64845e+07 6.64338e+07 6.63903e+07 6.63621e+07 6.63263e+07 6.62837e+07 6.62115e+07 6.61491e+07 6.61007e+07 6.60461e+07 6.59911e+07 6.59453e+07 6.5865e+07 6.58033e+07 6.57426e+07 6.56619e+07 6.55857e+07 6.54922e+07 6.54531e+07 6.53779e+07 6.52777e+07 6.51721e+07 6.50828e+07 6.49802e+07 6.49125e+07 6.48448e+07 6.47003e+07 6.46371e+07 6.44909e+07 6.43901e+07 6.42275e+07 6.41051e+07 6.40067e+07 6.38898e+07 6.38181e+07 6.36572e+07 6.35107e+07 6.33479e+07 6.32383e+07 6.30573e+07 6.28984e+07 6.27598e+07 6.25947e+07 6.24577e+07 6.22311e+07 6.20929e+07 6.19222e+07 6.17022e+07 6.15413e+07 6.13262e+07 6.11343e+07 6.09692e+07 6.07445e+07 6.05286e+07 6.03064e+07 6.00834e+07 5.98628e+07 5.96299e+07 5.93598e+07 5.9125e+07 5.88659e+07 5.87178e+07 5.84207e+07 5.81292e+07 5.78689e+07 5.75305e+07 5.72839e+07 5.7055e+07 5.67834e+07 5.64511e+07 5.62244e+07 5.58701e+07 5.55845e+07 5.52089e+07 5.48646e+07 5.45244e+07 5.4217e+07 5.38264e+07 5.34108e+07 5.30547e+07 5.26376e+07 5.22118e+07 5.19069e+07 5.14504e+07 5.10913e+07 5.0736e+07 5.03282e+07 4.99325e+07 4.95071e+07 4.91221e+07 4.86875e+07 4.82782e+07 4.77953e+07 4.72563e+07 4.67313e+07 4.62433e+07 4.57637e+07 4.52554e+07 4.47602e+07 4.42252e+07 4.37461e+07 4.31747e+07 4.26555e+07 4.21258e+07 4.15808e+07 4.09444e+07 4.04378e+07 3.98686e+07 3.92782e+07 3.87731e+07 3.82851e+07 3.75205e+07 3.70742e+07 3.63488e+07 3.57573e+07 3.51614e+07 3.45169e+07 3.39208e+07 3.32544e+07 3.26349e+07 3.21117e+07 3.14708e+07 3.08423e+07 3.02156e+07 2.95763e+07 2.89156e+07 2.82988e+07 2.76772e+07 2.71035e+07 2.65395e+07 2.60062e+07 2.54148e+07 2.48044e+07 2.427e+07 2.37464e+07 2.32002e+07 2.26822e+07 2.22281e+07 2.17273e+07 2.1263e+07 2.07994e+07 2.03819e+07 1.99499e+07 1.95411e+07 1.91319e+07 1.87267e+07 1.8371e+07 1.79799e+07 1.76543e+07 1.73977e+07 1.69861e+07 1.67498e+07 1.65189e+07 1.62299e+07 1.59506e+07 1.57063e+07 1.54997e+07 1.52413e+07 1.50424e+07 1.48638e+07 1.4649e+07 1.4526e+07 1.4265e+07 1.40986e+07 1.38715e+07 1.36901e+07 1.35806e+07 1.34067e+07 1.32495e+07 1.31318e+07 1.29787e+07 1.2805e+07 1.27056e+07 1.24829e+07 1.24316e+07 1.22995e+07 1.20984e+07 1.1994e+07 1.1881e+07 1.17268e+07 1.16574e+07 1.1463e+07 1.13365e+07 1.13039e+07 1.11472e+07 1.10858e+07 1.09698e+07 1.08536e+07 1.0755e+07 1.06222e+07 1.05383e+07 1.04494e+07 1.03494e+07 1.02596e+07 1.01445e+07 1.005e+07 9.99021e+06 9.91716e+06 9.76566e+06 9.74669e+06 9.64095e+06 9.50361e+06 9.45612e+06 9.36599e+06 9.24876e+06 9.19605e+06 9.12987e+06 9.03558e+06 8.93598e+06 8.8606e+06 8.76612e+06 8.74211e+06 8.6544e+06 8.59911e+06 8.49103e+06 8.43647e+06 8.38202e+06 8.31612e+06 8.25534e+06 8.20522e+06 8.13863e+06 8.04584e+06 7.98883e+06 7.93685e+06 7.85409e+06 7.81269e+06 7.7621e+06 7.66353e+06 7.58691e+06 7.55134e+06 7.49207e+06 7.44083e+06 7.42411e+06 7.33356e+06 7.29836e+06 7.19809e+06 7.17164e+06 7.12469e+06 7.06426e+06 7.01095e+06 6.96718e+06 6.8989e+06 6.84214e+06 6.82789e+06 6.78141e+06 6.73831e+06 6.68079e+06 6.62188e+06 6.58649e+06 6.56908e+06 6.5108e+06 6.48197e+06 6.40534e+06 6.38034e+06 6.34244e+06 6.27222e+06 6.23877e+06 6.18871e+06 6.13924e+06 6.08967e+06 6.03163e+06 6.0213e+06 6.00109e+06 5.93379e+06 5.9234e+06 5.85916e+06 5.80102e+06 5.76972e+06 5.73048e+06 5.69056e+06 5.69159e+06 5.64998e+06 5.62736e+06 5.55615e+06 5.53101e+06 5.49652e+06 5.44857e+06 5.42816e+06 5.39811e+06 5.34766e+06 5.33253e+06 5.28501e+06 5.25465e+06 5.24524e+06 5.17778e+06 5.19633e+06 5.13307e+06 5.0995e+06 5.09617e+06 5.05888e+06 5.00946e+06 4.97077e+06 4.92333e+06 4.89668e+06 4.8858e+06 4.85902e+06 4.85141e+06 4.79099e+06 4.76493e+06 4.75879e+06 4.70803e+06 4.66396e+06 4.67131e+06 4.65657e+06 4.61065e+06 4.60414e+06 4.56226e+06 4.54015e+06 4.48617e+06 4.47734e+06 4.47318e+06 4.45933e+06 4.41805e+06 4.3721e+06 4.3622e+06 4.34404e+06 4.30538e+06 4.26973e+06 4.26243e+06 4.23273e+06 4.23164e+06 4.20164e+06 4.18915e+06 4.14807e+06 4.14112e+06 4.10692e+06 4.08122e+06 4.07007e+06 4.0439e+06 4.00284e+06 4.01705e+06 3.99371e+06 3.94649e+06 3.93705e+06 3.89877e+06 3.87986e+06 3.88412e+06 3.85448e+06 3.83091e+06 3.81405e+06 3.79339e+06 3.76754e+06 3.77483e+06 3.73583e+06 3.7258e+06 3.69746e+06 3.69757e+06 3.66173e+06 3.64916e+06 3.61241e+06 3.60687e+06 3.58591e+06 3.57768e+06 3.57243e+06 3.54575e+06 3.51017e+06 3.48973e+06 3.48283e+06 3.46199e+06 3.44205e+06 3.45381e+06 3.41231e+06 3.41796e+06 3.39673e+06 3.36683e+06 3.34659e+06 3.33756e+06 3.32157e+06 3.31077e+06 3.28143e+06 3.27582e+06 3.24886e+06 3.24743e+06 3.23341e+06 3.21461e+06 3.19328e+06 3.18792e+06 3.18668e+06 3.17226e+06 3.14815e+06 3.11197e+06 3.11302e+06 3.10226e+06 3.0875e+06 
====T====
0 0.01 0.02 0.03 0.04 0.05 0.06 0.07 0.08 0.09 0.1 0.11 0.12 0.13 0.14 0.15 0.16 0.17 0.18 0.19 0.2 0.21 0.22 0.23 0.24 0.25 0.26 0.27 0.28 0.29 0.3 0.31 0.32 0.33 0.34 0.35 0.36 0.37 0.38 0.39 0.4 0.41 0.42 0.43 0.44 0.45 0.46 0.47 0.48 0.49 0.5 0.51 0.52 0.53 0.54 0.55 0.56 0.57 0.58 0.59 0.6 0.61 0.62 0.63 0.64 0.65 0.66 0.67 0.68 0.69 0.7 0.71 0.72 0.73 0.74 0.75 0.76 0.77 0.78 0.79 0.8 0.81 0.82 0.83 0.84 0.85 0.86 0.87 0.88 0.89 0.9 0.91 0.92 0.93 0.94 0.95 0.96 0.97 0.98 0.99 1 1.01 1.02 1.03 1.04 1.05 1.06 1.07 1.08 1.09 1.1 1.11 1.12 1.13 1.14 1.15 1.16 1.17 1.18 1.19 1.2 1.21 1.22 1.23 1.24 1.25 1.26 1.27 1.28 1.29 1.3 1.31 1.32 1.33 1.34 1.35 1.36 1.37 1.38 1.39 1.4 1.41 1.42 1.43 1.44 1.45 1.46 1.47 1.48 1.49 1.5 1.51 1.52 1.53 1.54 1.55 1.56 1.57 1.58 1.59 1.6 1.61 1.62 1.63 1.64 1.65 1.66 1.67 1.68 1.69 1.7 1.71 1.72 1.73 1.74 1.75 1.76 1.77 1.78 1.79 1.8 1.81 1.82 1.83 1.84 1.85 1.86 1.87 1.88 1.89 1.9 1.91 1.92 1.93 1.94 1.95 1.96 1.97 1.98 1.99 2 2.01 2.02 2.03 2.04 2.05 2.06 2.07 2.08 2.09 2.1 2.11 2.12 2.13 2.14 2.15 2.16 2.17 2.18 2.19 2.2 2.21 2.22 2.23 2.24 2.25 2.26 2.27 2.28 2.29 2.3 2.31 2.32 2.33 2.34 2.35 2.36 2.37 2.38 2.39 2.4 2.41 2.42 2.43 2.44 2.45 2.46 2.47 2.48 2.49 2.5 2.51 2.52 2.53 2.54 2.55 2.56 2.57 2.58 2.59 2.6 2.61 2.62 2.63 2.64 2.65 2.66 2.67 2.68 2.69 2.7 2.71 2.72 2.73 2.74 2.75 2.76 2.77 2.78 2.79 2.8 2.81 2.82 2.83 2.84 2.85 2.86 2.87 2.88 2.89 2.9 2.91 2.92 2.93 2.94 2.95 2.96 2.97 2.98 2.99 3 3.01 3.02 3.03 3.04 3.05 3.06 3.07 3.08 3.09 3.1 3.11 3.12 3.13 3.14 3.15 3.16 3.17 3.18 3.19 3.2 3.21 3.22 3.23 3.24 3.25 3.26 3.27 3.28 3.29 3.3 3.31 3.32 3.33 3.34 3.35 3.36 3.37 3.38 3.39 3.4 3.41 3.42 3.43 3.44 3.45 3.46 3.47 3.48 3.49 3.5 3.51 3.52 3.53 3.54 3.55 3.56 3.57 3.58 3.59 3.6 3.61 3.62 3.63 3.64 3.65 3.66 3.67 3.68 3.69 3.7 3.71 3.72 3.73 3.74 3.75 3.76 3.77 3.78 3.79 3.8 3.81 3.82 3.83 3.84 3.85 3.86 3.87 3.88 3.89 3.9 3.91 3.92 3.93 3.94 3.95 3.96 3.97 3.98 3.99 4 4.01 4.02 4.03 4.04 4.05 4.06 4.07 4.08 4.09 4.1 4.11 4.12 4.13 4.14 4.15 4.16 4.17 4.18 4.19 4.2 4.21 4.22 4.23 4.24 4.25 4.26 4.27 4.28 4.29 4.3 4.31 4.32 4.33 4.34 4.35 4.36 4.37 4.38 4.39 4.4 4.41 4.42 4.43 4.44 4.45 4.46 4.47 4.48 4.49 4.5 4.51 4.52 4.53 4.54 4.55 4.56 4.57 4.58 4.59 4.6 4.61 4.62 4.63 4.64 4.65 4.66 4.67 4.68 4.69 4.7 4.71 4.72 4.73 4.74 4.75 4.76 4.77 4.78 4.79 4.8 4.81 4.82 4.83 4.84 4.85 4.86 4.87 4.88 4.89 4.9 4.91 4.92 4.93 4.94 4.95 4.96 4.97 4.98 4.99 5 
====beta====
inf 100 50 33.3333 25 20 16.6667 14.2857 12.5 11.1111 10 9.09091 8.33333 7.69231 7.14286 6.66667 6.25 5.88235 5.55556 5.26316 5 4.7619 4.54545 4.34783 4.16667 4 3.84615 3.7037 3.57143 3.44828 3.33333 3.22581 3.125 3.0303 2.94118 2.85714 2.77778 2.7027 2.63158 2.5641 2.5 2.43902 2.38095 2.32558 2.27273 2.22222 2.17391 2.12766 2.08333 2.04082 2 1.96078 1.92308 1.88679 1.85185 1.81818 1.78571 1.75439 1.72414 1.69492 1.66667 1.63934 1.6129 1.5873 1.5625 1.53846 1.51515 1.49254 1.47059 1.44928 1.42857 1.40845 1.38889 1.36986 1.35135 1.33333 1.31579 1.2987 1.28205 1.26582 1.25 1.23457 1.21951 1.20482 1.19048 1.17647 1.16279 1.14943 1.13636 1.1236 1.11111 1.0989 1.08696 1.07527 1.06383 1.05263 1.04167 1.03093 1.02041 1.0101 1 0.990099 0.980392 0.970874 0.961538 0.952381 0.943396 0.934579 0.925926 0.917431 0.909091 0.900901 0.892857 0.884956 0.877193 0.869565 0.862069 0.854701 0.847458 0.840336 0.833333 0.826446 0.819672 0.813008 0.806452 0.8 0.793651 0.787402 0.78125 0.775194 0.769231 0.763359 0.757576 0.75188 0.746269 0.740741 0.735294 0.729927 0.724638 0.719424 0.714286 0.70922 0.704225 0.699301 0.694444 0.689655 0.684932 0.680272 0.675676 0.671141 0.666667 0.662252 0.657895 0.653595 0.649351 0.645161 0.641026 0.636943 0.632911 0.628931 0.625 0.621118 0.617284 0.613497 0.609756 0.606061 0.60241 0.598802 0.595238 0.591716 0.588235 0.584795 0.581395 0.578035 0.574713 0.571429 0.568182 0.564972 0.561798 0.558659 0.555556 0.552486 0.549451 0.546448 0.543478 0.540541 0.537634 0.534759 0.531915 0.529101 0.526316 0.52356 0.520833 0.518135 0.515464 0.512821 0.510204 0.507614 0.505051 0.502513 0.5 0.497512 0.49505 0.492611 0.490196 0.487805 0.485437 0.483092 0.480769 0.478469 0.47619 0.473934 0.471698 0.469484 0.46729 0.465116 0.462963 0.460829 0.458716 0.456621 0.454545 0.452489 0.45045 0.44843 0.446429 0.444444 0.442478 0.440529 0.438596 0.436681 0.434783 0.4329 0.431034 0.429185 0.42735 0.425532 0.423729 0.421941 0.420168 0.41841 0.416667 0.414938 0.413223 0.411523 0.409836 0.408163 0.406504 0.404858 0.403226 0.401606 0.4 0.398406 0.396825 0.395257 0.393701 0.392157 0.390625 0.389105 0.387597 0.3861 0.384615 0.383142 0.381679 0.380228 0.378788 0.377358 0.37594 0.374532 0.373134 0.371747 0.37037 0.369004 0.367647 0.3663 0.364964 0.363636 0.362319 0.361011 0.359712 0.358423 0.357143 0.355872 0.35461 0.353357 0.352113 0.350877 0.34965 0.348432 0.347222 0.346021 0.344828 0.343643 0.342466 0.341297 0.340136 0.338983 0.337838 0.3367 0.33557 0.334448 0.333333 0.332226 0.331126 0.330033 0.328947 0.327869 0.326797 0.325733 0.324675 0.323625 0.322581 0.321543 0.320513 0.319489 0.318471 0.31746 0.316456 0.315457 0.314465 0.31348 0.3125 0.311526 0.310559 0.309598 0.308642 0.307692 0.306748 0.30581 0.304878 0.303951 0.30303 0.302115 0.301205 0.3003 0.299401 0.298507 0.297619 0.296736 0.295858 0.294985 0.294118 0.293255 0.292398 0.291545 0.290698 0.289855 0.289017 0.288184 0.287356 0.286533 0.285714 0.2849 0.284091 0.283286 0.282486 0.28169 0.280899 0.280112 0.27933 0.278552 0.277778 0.277008 0.276243 0.275482 0.274725 0.273973 0.273224 0.27248 0.271739 0.271003 0.27027 0.269542 0.268817 0.268097 0.26738 0.266667 0.265957 0.265252 0.26455 0.263852 0.263158 0.262467 0.26178 0.261097 0.260417 0.25974 0.259067 0.258398 0.257732 0.257069 0.25641 0.255754 0.255102 0.254453 0.253807 0.253165 0.252525 0.251889 0.251256 0.250627 0.25 0.249377 0.248756 0.248139 0.247525 0.246914 0.246305 0.2457 0.245098 0.244499 0.243902 0.243309 0.242718 0.242131 0.241546 0.240964 0.240385 0.239808 0.239234 0.238663 0.238095 0.23753 0.236967 0.236407 0.235849 0.235294 0.234742 0.234192 0.233645 0.2331 0.232558 0.232019 0.231481 0.230947 0.230415 0.229885 0.229358 0.228833 0.228311 0.22779 0.227273 0.226757 0.226244 0.225734 0.225225 0.224719 0.224215 0.223714 0.223214 0.222717 0.222222 0.221729 0.221239 0.220751 0.220264 0.21978 0.219298 0.218818 0.218341 0.217865 0.217391 0.21692 0.21645 0.215983 0.215517 0.215054 0.214592 0.214133 0.213675 0.21322 0.212766 0.212314 0.211864 0.211416 0.21097 0.210526 0.210084 0.209644 0.209205 0.208768 0.208333 0.2079 0.207469 0.207039 0.206612 0.206186 0.205761 0.205339 0.204918 0.204499 0.204082 0.203666 0.203252 0.20284 0.202429 0.20202 0.201613 0.201207 0.200803 0.200401 0.2 
====Chi====
-nan 0 0 0 0 0 0 0 0 0 0 0 0 0 0 0 0 0 0 0 0 0 0 0 0 0 0 0 0 0 0 0 0 0 0 0 0 0 0 0 0 0 0 0 0 0 0 0 0 0 0 0 0 1.79763e-06 3.52523e-06 1.73226e-06 5.094e-06 5.00463e-06 1.62821e-05 3.22648e-06 2.04751e-05 1.24522e-05 2.89716e-05 2.0903e-05 2.79848e-05 4.02561e-05 5.99871e-05 6.21498e-05 6.79318e-05 9.73853e-05 7.12222e-05 0.000140521 9.46845e-05 0.000106798 0.000104659 0.000123059 0.000177515 0.000150075 0.000223857 0.000239456 0.000278088 0.000251204 0.000325053 0.000330087 0.000387958 0.000394994 0.000436916 0.000538617 0.000574066 0.00066943 0.00069287 0.000679279 0.000811999 0.000895294 0.000896253 0.000980684 0.00125983 0.00121305 0.00126885 0.00143977 0.00151244 0.00167281 0.00166402 0.00194939 0.00195727 0.00210155 0.00244457 0.00267327 0.00263761 0.00252723 0.00309813 0.00342617 0.00395199 0.00398527 0.00401693 0.00404426 0.00450984 0.00471437 0.00509812 0.00561775 0.00546502 0.00598086 0.00668245 0.00796958 0.00729194 0.00742419 0.0082476 0.00827712 0.0086559 0.00952325 0.0105383 0.0108435 0.0105216 0.0112198 0.0138418 0.0124811 0.0127822 0.0154911 0.0163097 0.0163995 0.0175574 0.0179858 0.0178041 0.02039 0.0193735 0.0200535 0.0232206 0.0228414 0.0246093 0.0253112 0.0258509 0.0269994 0.0299525 0.0307232 0.0310281 0.0336899 0.0362876 0.0366192 0.0391024 0.0401732 0.0401319 0.0422246 0.0437821 0.0454119 0.0520532 0.0533778 0.055433 0.0585532 0.0576105 0.0688088 0.0735048 0.0702061 0.074809 0.0761857 0.0778154 0.0842094 0.08574 0.0874549 0.0878233 0.103972 0.110068 0.112106 0.114051 0.121983 0.121934 0.135696 0.131561 0.146123 0.149355 0.160784 0.176887 0.190925 0.187193 0.194569 0.224415 0.223736 0.250729 0.250938 0.273793 0.305897 0.29985 0.332347 0.344144 0.360845 0.379364 0.383225 0.428044 0.44616 0.459799 0.46921 0.472326 0.525172 0.534344 0.563585 0.657998 0.715607 0.73737 0.819647 0.86732 0.902225 0.998037 1.03649 1.10156 1.17519 1.24689 1.37867 1.42646 1.49103 1.56602 1.76224 1.78849 2.00069 2.17863 2.46085 2.59289 2.67738 2.93947 3.11799 3.17136 3.28728 3.37741 3.60843 3.89752 4.00226 4.21309 4.80154 5.1747 5.52968 5.79912 5.93135 6.2898 6.37799 6.73268 6.93679 7.38102 7.67672 7.93473 8.33047 8.69782 8.77954 8.70417 8.62891 8.85167 8.78728 8.71026 8.61367 8.65134 8.57322 8.74031 8.25186 8.18584 8.0175 8.33829 7.95021 7.76609 7.41533 6.94761 7.11153 7.10586 7.12031 6.58342 6.47643 6.29109 6.16607 5.798 6.05443 6.24191 5.77821 5.63196 5.26376 4.8147 5.03699 4.62501 4.47685 4.21695 4.10933 3.967 3.98141 3.97586 3.86914 3.91245 3.63938 3.73406 3.78932 3.62891 3.64514 3.5718 3.34889 3.34695 3.29059 3.06257 2.94269 3.09554 2.83236 2.90632 2.94778 2.94012 2.8441 2.80477 2.55876 2.6994 2.66306 2.69832 2.62211 2.53826 2.38815 2.37039 2.36772 2.30996 2.30059 2.13744 2.17265 2.17138 2.29617 2.16005 2.3258 2.17554 2.19903 2.13435 2.09488 2.12224 2.07048 1.89941 1.86064 1.93598 1.92841 1.76899 1.73384 1.93041 1.80633 1.68911 1.62525 1.55651 1.64212 1.70069 1.72292 1.61277 1.5316 1.50905 1.66077 1.57976 1.68864 1.59201 1.589 1.4532 1.40058 1.47089 1.4747 1.3995 1.31059 1.36234 1.33899 1.29746 1.42141 1.39494 1.35127 1.3732 1.32929 1.21752 1.30601 1.27136 1.21046 1.3767 1.23333 1.24299 1.25265 1.2238 1.19124 1.1322 1.15462 1.16733 1.18769 1.20704 1.1326 1.22001 1.09174 1.08112 1.08316 1.08678 1.09896 1.0097 1.04288 1.09127 1.00377 0.991845 1.07986 0.995456 1.02968 0.977651 0.938584 0.934636 0.919031 0.905064 0.93081 0.898141 0.991736 0.936331 0.936895 0.957851 0.898291 0.880264 0.859411 0.900696 0.828254 0.853151 0.876506 0.811242 0.864481 0.929959 0.8952 0.808518 0.918069 0.79259 0.813971 0.866313 0.832204 0.781693 0.805436 0.817589 0.837523 0.810299 0.76214 0.840917 0.781558 0.795621 0.797751 0.81787 0.795985 0.781172 0.682062 0.718398 0.730897 0.76557 0.747565 0.729192 0.682338 0.720753 0.71465 0.770458 0.733414 0.723141 0.727338 0.745044 0.739115 0.729398 0.684817 0.672683 0.704639 0.703604 0.703092 0.632615 0.717096 0.633662 0.714555 0.675455 0.67388 0.632494 0.632539 0.62041 0.680579 0.649071 0.656871 0.610648 0.590145 0.595252 0.586598 0.59061 0.550872 0.592733 0.559247 0.619618 0.596507 0.596275 0.589747 0.594243 0.583713 0.610644 0.55293 0.580178 0.588197 0.587119 
====Cv====
-nan 0 0 0 0 0 0 0 0 0 0 0 0 0 0 0 0 0 0 0 0 0 0 0 0 0 0 0 0 0 0 0 0 0 0 0 0 0 0 0 0 0 0 0 0 0 0 0 0 0 0 0 0 5.4268e-05 0.000104451 5.0393e-05 0.000145543 0.000140481 0.000449161 8.74978e-05 0.000472274 0.000255084 0.000550149 0.00053087 0.00057029 0.000866172 0.00133426 0.00130933 0.00139594 0.00171909 0.00130835 0.00215799 0.00200496 0.00219711 0.00214167 0.00241725 0.00349868 0.00295364 0.00407788 0.00454525 0.00539087 0.00471057 0.00610442 0.0060661 0.00721185 0.00707187 0.00793765 0.00970776 0.0097099 0.010783 0.0118582 0.0114145 0.0135073 0.0145886 0.0145048 0.0153745 0.0197592 0.0188267 0.019795 0.0219171 0.022578 0.0245816 0.0237404 0.0283934 0.028201 0.0292271 0.0336637 0.0366238 0.0355101 0.0341552 0.0405419 0.0445319 0.0505652 0.0493205 0.0497881 0.0500219 0.0550166 0.0572746 0.0600125 0.0610524 0.0627077 0.0690707 0.0759168 0.0870845 0.0781123 0.080736 0.0869404 0.0864217 0.0879876 0.0962066 0.102442 0.107479 0.102557 0.10845 0.128561 0.119236 0.118133 0.140295 0.145869 0.137598 0.148972 0.154196 0.150925 0.167291 0.159905 0.15766 0.185991 0.170678 0.185462 0.185361 0.18792 0.193674 0.224931 0.220346 0.215559 0.227283 0.239353 0.24582 0.243683 0.252978 0.239251 0.251013 0.257524 0.275465 0.292051 0.289147 0.302789 0.309109 0.303113 0.365664 0.36592 0.341533 0.368315 0.380137 0.367378 0.380944 0.404908 0.401564 0.390004 0.44453 0.445903 0.439091 0.441924 0.460807 0.457303 0.500792 0.477383 0.512058 0.508814 0.527849 0.555032 0.58016 0.547664 0.562235 0.624152 0.589332 0.678904 0.630583 0.641278 0.727761 0.670208 0.744908 0.701401 0.752614 0.742112 0.732664 0.773213 0.774668 0.811968 0.820595 0.763441 0.843978 0.84348 0.858739 0.933246 0.961047 0.983271 1.02689 1.02225 1.03916 1.02822 1.03129 1.04334 1.05138 1.06045 1.1118 1.09463 1.07762 1.13465 1.21065 1.14821 1.18993 1.27087 1.33526 1.32339 1.21823 1.27951 1.31205 1.3078 1.31406 1.24501 1.22142 1.24648 1.21091 1.19569 1.33342 1.34592 1.28144 1.24762 1.20965 1.21019 1.18914 1.28808 1.0761 1.13989 1.09914 1.06736 1.02799 0.988823 1.02945 0.927215 0.892961 0.801234 0.826467 0.860094 0.793428 0.743518 0.794874 0.707804 0.659353 0.710709 0.671695 0.64514 0.65612 0.594248 0.594174 0.556952 0.533532 0.519714 0.536549 0.524788 0.513589 0.521264 0.481586 0.49491 0.49251 0.528691 0.489495 0.479603 0.437092 0.461588 0.439832 0.424858 0.417543 0.443334 0.434091 0.395242 0.387044 0.383694 0.397882 0.377569 0.3557 0.412492 0.389628 0.382322 0.400323 0.336414 0.365107 0.358494 0.378745 0.365843 0.360603 0.350447 0.352338 0.349472 0.365348 0.333146 0.314075 0.326498 0.339056 0.297421 0.320339 0.330619 0.302831 0.333879 0.274376 0.307599 0.29691 0.297006 0.289717 0.286282 0.285973 0.292671 0.281286 0.29352 0.292349 0.272144 0.280601 0.266488 0.273184 0.28294 0.283919 0.260865 0.267802 0.272067 0.275063 0.264462 0.232744 0.262828 0.24479 0.237314 0.233729 0.254227 0.248598 0.230344 0.234366 0.234963 0.235172 0.224473 0.24982 0.232873 0.237037 0.225946 0.218336 0.211457 0.229369 0.238102 0.21283 0.196301 0.205302 0.208956 0.205663 0.210037 0.212729 0.200174 0.213544 0.197257 0.197663 0.183781 0.189028 0.191633 0.194289 0.208746 0.189969 0.190989 0.184655 0.197233 0.176553 0.175794 0.202522 0.17057 0.17526 0.165879 0.186635 0.185493 0.171005 0.178632 0.166789 0.173199 0.155441 0.177315 0.173727 0.162957 0.153138 0.154864 0.177385 0.168588 0.160064 0.166706 0.156952 0.148138 0.158049 0.16474 0.154278 0.157267 0.148184 0.143428 0.152602 0.153142 0.161767 0.163123 0.152436 0.148816 0.152656 0.15285 0.14387 0.142442 0.145175 0.144474 0.148345 0.139423 0.147526 0.148667 0.130566 0.138859 0.129734 0.124691 0.140903 0.138532 0.130756 0.132359 0.14294 0.129237 0.135319 0.126745 0.124687 0.126333 0.12353 0.12223 0.131459 0.13171 0.129304 0.114007 0.120163 0.118102 0.125285 0.125425 0.114736 0.115855 0.119426 0.120029 0.121079 0.123209 0.123948 0.115324 0.102568 0.116785 0.115894 0.124268 0.110151 0.114177 0.110047 0.111924 0.111208 0.108154 0.112301 0.108267 0.10728 0.102673 0.112585 0.105257 0.119156 0.116976 0.111085 0.106344 0.102635 0.105966 0.107341 0.108443 0.101505 0.104401 0.098385 0.0991259 0.0947408 0.107163 0.108011 0.105601 0.101704 0.095498 0.0989456 0.100291 
