Size of the state?
64
0: ordered; others: disordered.
0
Temperature begin/end/step?
0 5 0.01
Thermalization steps? (10000+)
100000
Number of the workers?
512
Done, time elapsed: 410s.
====Mavg====
1 1 1 1 1 1 1 1 1 1 1 1 1 1 1 1 1 1 1 1 1 1 1 1 1 1 1 1 1 1 1 1 1 1 1 1 1 1 1 1 1 1 1 1 1 1 1 0.999999 1 1 1 1 1 1 0.999997 0.999999 0.999999 0.999998 0.999999 0.999995 0.999995 0.999996 0.999996 0.999994 0.99999 0.999985 0.99999 0.999982 0.999986 0.999977 0.999977 0.999978 0.999963 0.999954 0.999964 0.999943 0.999952 0.999937 0.99993 0.999907 0.999917 0.999883 0.999888 0.999851 0.99985 0.999829 0.999804 0.999823 0.999757 0.99975 0.999721 0.999687 0.999646 0.9996 0.999578 0.999515 0.999521 0.999448 0.999364 0.999382 0.999284 0.999234 0.999113 0.999119 0.998954 0.998898 0.998863 0.998778 0.998681 0.998485 0.998447 0.998358 0.998151 0.998019 0.997958 0.997793 0.997674 0.997443 0.997296 0.997212 0.99699 0.996825 0.996543 0.996533 0.996248 0.995936 0.995843 0.995506 0.995278 0.994895 0.994762 0.994452 0.994212 0.993934 0.993521 0.993193 0.992816 0.992411 0.992173 0.991771 0.99122 0.990972 0.99067 0.990041 0.989607 0.98934 0.988525 0.988225 0.987497 0.987246 0.986593 0.985976 0.985421 0.984618 0.983877 0.983594 0.982647 0.981659 0.981323 0.980529 0.97969 0.978975 0.97794 0.976707 0.97611 0.975143 0.973728 0.973022 0.972678 0.971207 0.969978 0.968652 0.967781 0.966889 0.96492 0.963964 0.962979 0.96139 0.959619 0.958169 0.957144 0.954595 0.953969 0.95188 0.950386 0.948556 0.945925 0.944906 0.942395 0.940446 0.938163 0.93646 0.9338 0.931622 0.928932 0.926606 0.923184 0.920556 0.918246 0.914774 0.912496 0.907416 0.904735 0.90009 0.896622 0.893354 0.89044 0.884455 0.879593 0.874392 0.871132 0.866071 0.860215 0.851267 0.846874 0.837669 0.831471 0.823125 0.815512 0.807181 0.796782 0.789141 0.777445 0.767057 0.751184 0.737787 0.728489 0.714229 0.694776 0.67922 0.658455 0.63874 0.615921 0.590257 0.565749 0.536937 0.508954 0.476374 0.442936 0.411782 0.369911 0.332909 0.298312 0.267524 0.238411 0.209558 0.178743 0.150683 0.119902 0.100223 0.0810099 0.0634356 0.0439758 0.0324965 0.0284033 0.0216217 0.0117569 0.0022049 0.0010519 0.00289822 0.00149345 -0.00358963 -0.00445175 -0.00301838 -0.000498772 -9.44138e-05 -0.00219536 -0.00269127 -0.00221729 -0.000181198 0.00124836 -6.58035e-05 0.000346184 0.00212097 0.000536919 0.000985146 0.00266838 0.00659847 -0.00194645 0.00133133 0.00265789 0.00123405 -0.00546741 -0.00478745 -0.00159168 -0.00149155 -0.00249767 0.000956535 0.00162792 0.00402641 0.000276566 0.00202942 -0.002841 -0.00266075 0.00357819 0.00031662 -0.00414753 -0.00109577 -0.00434399 -0.000422478 -5.72205e-05 0.000818253 -0.0002985 0.00221348 0.0024929 0.0011549 0.000770569 0.00195408 0.00202179 0.00293732 -0.000468254 -0.00144768 -0.00105381 -0.00120068 0.00257969 -0.000554085 -0.00205898 0.00207138 -0.00305843 -0.00285721 0.00134563 0.000477791 0.000101089 -0.000313759 0.00333023 2.00272e-05 -0.00134373 0.00117111 0.000383377 -0.00205231 -0.00214005 0.00250816 -0.00251198 -0.000253677 -0.00447941 -0.0010519 0.00118256 0.00172615 0.00139904 0.00169277 -0.000833511 -6.77109e-05 -0.00124836 -0.000301361 -0.00135136 0.00107956 -0.00087738 -0.000797272 -0.000772476 -0.00113678 -0.00166893 -0.000864983 -0.00191593 -0.00133324 -0.00147438 -0.000197411 -0.001544 -0.00265408 -0.00232983 0.000813484 0.00503445 0.000889778 -0.00038147 -0.000803947 -0.00185394 0.00165462 0.0026083 9.15527e-05 5.24521e-05 0.00122643 0.000125885 -0.00287056 -0.00112629 0.0025816 0.00214577 0.00020504 -0.000137329 0.000797272 -0.00116158 0.000648499 -0.000836372 0.000177383 -0.000577927 8.58307e-06 0.000555992 -0.000747681 -0.000459671 0.00300121 -3.8147e-05 -0.00209522 0.000548363 0.000370026 0.0031786 0.00120449 -0.000243187 -0.00270462 -0.00158501 -0.000991821 -0.00137234 -0.00118256 -0.00298405 -0.000210762 0.00311089 0.000951767 -0.00218201 0.000742912 0.0011692 -0.000789642 -0.00164318 0.00211143 0.000181198 0.00142193 -7.43866e-05 0.000600815 -0.00220776 0.000648499 0.000645638 -0.00060463 0.00119686 0.000433922 0.00244904 0.000243187 -0.000387192 -0.000864029 -0.00210285 0.00126648 -0.000132561 0.00118542 -0.000520706 0.00177765 0.00187874 0.00158787 -0.000402451 0.000986099 0.00124931 0.00264549 0.000700951 -0.000982285 0.000699997 0.00113106 0.00062561 0.000859261 0.00110149 -0.00204182 -0.00020504 -5.43594e-05 0.000123024 2.19345e-05 -0.000100136 0.000193596 0.000822067 0.000170708 -7.62939e-05 -0.00210285 1.14441e-05 -0.00135517 0.000189781 0.000986099 -0.00052166 -0.0024004 -3.05176e-05 0.00133038 0.00150585 -0.00147533 0.000876427 -0.00213718 -0.000701904 0.000531197 -0.00261879 -0.000437737 -0.00329113 -0.000148773 -0.00097084 0.0012722 -0.000510216 0.00261688 0.000436783 0.00232124 -0.000943184 0.000195503 -0.00201225 0.000392914 -0.000525475 -0.000153542 -0.000388145 0.00150394 -0.000784874 0.000655174 0.00190067 0.0018692 -0.00120831 -0.000452995 4.3869e-05 0.00039959 0.00147247 0.000372887 0.000540733 0.000541687 0.000387192 8.01086e-05 -0.000639915 
====M2avg====
1 1 1 1 1 1 1 1 1 1 1 1 1 1 1 1 1 1 1 1 1 1 1 1 1 1 1 1 1 1 1 1 1 1 1 1 1 1 1 1 1 1 1 1 1 1 1 0.999998 1 1 1 1 1 1 0.999994 0.999998 0.999998 0.999996 0.999998 0.99999 0.99999 0.999992 0.999992 0.999989 0.999979 0.999969 0.999981 0.999964 0.999971 0.999954 0.999954 0.999956 0.999926 0.999908 0.999928 0.999886 0.999905 0.999874 0.999861 0.999815 0.999834 0.999765 0.999777 0.999703 0.999701 0.999659 0.999607 0.999645 0.999514 0.9995 0.999441 0.999375 0.999293 0.999201 0.999157 0.99903 0.999043 0.998896 0.998729 0.998765 0.998568 0.998469 0.998227 0.998239 0.997909 0.997797 0.997728 0.997559 0.997365 0.996972 0.996898 0.996719 0.996306 0.996043 0.995922 0.995593 0.995355 0.994894 0.994602 0.994434 0.993991 0.993662 0.9931 0.993081 0.992512 0.991892 0.991705 0.991035 0.990582 0.989819 0.989555 0.988937 0.988462 0.987908 0.987088 0.986436 0.985688 0.984884 0.984413 0.983614 0.982523 0.982031 0.981434 0.980187 0.979329 0.978801 0.977191 0.976596 0.975159 0.974664 0.973376 0.972159 0.971065 0.969485 0.968027 0.967469 0.96561 0.963669 0.963009 0.961454 0.959809 0.958409 0.956383 0.953977 0.952808 0.950925 0.94817 0.9468 0.946127 0.943268 0.940887 0.938317 0.936635 0.934912 0.931108 0.929265 0.927365 0.924308 0.920906 0.918135 0.916177 0.911306 0.910113 0.906139 0.903289 0.89982 0.894848 0.892925 0.888198 0.884521 0.880252 0.877069 0.872095 0.86803 0.863038 0.858729 0.852417 0.847569 0.843318 0.836965 0.832816 0.823612 0.818774 0.810397 0.804205 0.798372 0.793173 0.782557 0.774009 0.76496 0.759315 0.750528 0.740475 0.725279 0.71784 0.702397 0.692148 0.67852 0.666124 0.652738 0.636214 0.624164 0.606006 0.590471 0.566629 0.547107 0.533845 0.513442 0.486411 0.465454 0.439033 0.41379 0.385755 0.355721 0.328804 0.298378 0.270621 0.239384 0.210976 0.185461 0.154029 0.129877 0.107951 0.0894645 0.0751575 0.0623601 0.0500504 0.0419667 0.0321373 0.0265336 0.0212058 0.0189807 0.0167294 0.0149551 0.0131288 0.0117408 0.0102628 0.0106062 0.0104432 0.00984777 0.00903538 0.00865635 0.00774104 0.00787583 0.00730768 0.00678785 0.00679239 0.00615758 0.00574076 0.00586951 0.00637019 0.00626121 0.0056059 0.0053947 0.00545005 0.00482999 0.00540438 0.00545165 0.00481275 0.0049894 0.00486059 0.00419853 0.00408677 0.00403485 0.00399849 0.00403872 0.00361652 0.00324996 0.0036845 0.00329154 0.00364194 0.00342593 0.00348855 0.00334737 0.00317581 0.00332379 0.00318613 0.00317708 0.002993 0.00310353 0.00271183 0.00278224 0.00280524 0.00254352 0.00251228 0.00276826 0.00294974 0.00233065 0.00254362 0.0024575 0.00224359 0.00235086 0.00236509 0.0023081 0.00223989 0.00209175 0.00216157 0.00215785 0.00183651 0.00207694 0.00228075 0.0019751 0.00189972 0.0018896 0.00204901 0.00189649 0.00175874 0.0019167 0.0017437 0.00200218 0.00177148 0.00181611 0.00174803 0.00160253 0.0016498 0.00180588 0.00165221 0.00165502 0.00142865 0.00156364 0.001625 0.00156688 0.00163476 0.00170922 0.0016079 0.00135188 0.00160991 0.00157817 0.0017329 0.00137392 0.00148458 0.00154259 0.00148009 0.00141732 0.00139665 0.00138256 0.00137485 0.00152521 0.00136987 0.00146578 0.00148842 0.00144027 0.00144302 0.00138671 0.0014103 0.00133665 0.00137849 0.00136829 0.00127666 0.00123565 0.00138414 0.00131719 0.00111153 0.00122957 0.00114184 0.00124594 0.00111575 0.00113099 0.00125756 0.00126278 0.00109078 0.00119498 0.00124892 0.00122996 0.00114999 0.00105537 0.00110218 0.00110151 0.00114103 0.00107293 0.00113841 0.00114279 0.0011871 0.00106533 0.00107506 0.000941027 0.00115386 0.00113938 0.000881125 0.00105302 0.00104161 0.00104032 0.00108083 0.00114964 0.000924516 0.00101063 0.00108329 0.000966605 0.00107327 0.000981338 0.00103515 0.00113045 0.000966784 0.00104126 0.000882452 0.000928996 0.000976192 0.000977674 0.000960498 0.000905114 0.000960764 0.00104365 0.000943458 0.000930429 0.00088262 0.000925506 0.000954852 0.00091917 0.000896788 0.000886932 0.000884159 0.000986893 0.000810735 0.000943711 0.000840214 0.000847684 0.000847938 0.000922848 0.000820921 0.000920907 0.000824883 0.00089253 0.000871871 0.000924593 0.000853091 0.000844877 0.000804174 0.000867462 0.000888582 0.000880638 0.0008209 0.00083808 0.000837133 0.000828244 0.000776961 0.000795396 0.000771536 0.000782656 0.000797254 0.000839857 0.00078435 0.000768856 0.000844395 0.000802954 0.000745104 0.000790677 0.000743532 0.000828914 0.000755459 0.000817529 0.000779625 0.000756312 0.000698631 0.000751406 0.000775073 0.000662325 0.000703899 0.000759291 0.000690707 0.000716048 0.000731541 0.00070387 0.000631823 0.00066134 0.000748753 0.000751304 0.000774422 0.000683442 0.000741905 0.000710016 0.00073987 0.000703082 0.000730535 0.00062382 0.000657529 0.000645635 0.000712029 0.000760771 0.000708634 0.0006863 0.000686623 
====Eavg====
-8192 -8192 -8192 -8192 -8192 -8192 -8192 -8192 -8192 -8192 -8192 -8192 -8192 -8192 -8192 -8192 -8192 -8192 -8192 -8192 -8192 -8192 -8192 -8192 -8192 -8192 -8192 -8192 -8192 -8192 -8192 -8192 -8192 -8192 -8192 -8192 -8192 -8192 -8192 -8192 -8192 -8192 -8192 -8192 -8192 -8192 -8192 -8191.98 -8192 -8192 -8192 -8192 -8192 -8192 -8191.96 -8191.98 -8191.98 -8191.97 -8191.98 -8191.92 -8191.94 -8191.94 -8191.94 -8191.91 -8191.83 -8191.75 -8191.85 -8191.71 -8191.77 -8191.62 -8191.62 -8191.64 -8191.41 -8191.26 -8191.41 -8191.06 -8191.23 -8190.98 -8190.88 -8190.51 -8190.65 -8190.1 -8190.18 -8189.59 -8189.58 -8189.23 -8188.8 -8189.13 -8188.07 -8187.93 -8187.5 -8186.93 -8186.24 -8185.55 -8185.23 -8184.14 -8184.24 -8183.08 -8181.71 -8182.02 -8180.52 -8179.63 -8177.97 -8177.9 -8175.3 -8174.4 -8173.88 -8172.41 -8170.92 -8168.02 -8167.18 -8165.96 -8162.61 -8160.64 -8159.7 -8157.28 -8155.25 -8151.93 -8149.35 -8148.13 -8144.79 -8142.34 -8137.88 -8137.94 -8133.26 -8128.83 -8127 -8122.44 -8119.15 -8112.81 -8110.74 -8106.16 -8103.14 -8098.53 -8092.49 -8087.78 -8082.46 -8076.52 -8072.58 -8067.11 -8058.69 -8054.83 -8051.1 -8042.13 -8036.12 -8031.65 -8020.12 -8015.32 -8006.11 -8002.72 -7993.71 -7985.14 -7976.88 -7965.54 -7955.98 -7951.42 -7937.98 -7925.11 -7920.28 -7909.69 -7897.2 -7889.39 -7875.86 -7860.51 -7851.7 -7837.12 -7821.41 -7813.41 -7807.14 -7789.9 -7773.55 -7758.19 -7745.38 -7735.56 -7712.75 -7699.62 -7685.9 -7667.77 -7645.59 -7631.82 -7622.2 -7590.02 -7582.12 -7561.44 -7542.71 -7522.22 -7494.48 -7481.77 -7454.12 -7435.48 -7412.09 -7394.65 -7364.02 -7339.52 -7315.58 -7295.31 -7261.3 -7232.8 -7213.84 -7178.53 -7153.05 -7115.57 -7095.12 -7055.99 -7025.83 -6993.52 -6967.27 -6922.56 -6882.95 -6844.08 -6821.72 -6783.1 -6738.59 -6680.12 -6652.49 -6583.33 -6558.79 -6501.48 -6452.89 -6410.99 -6357.93 -6316.13 -6256.74 -6200.12 -6134.2 -6075.25 -6028.37 -5970.95 -5892.89 -5839.33 -5762.54 -5699.07 -5629.96 -5557.36 -5494.9 -5406.88 -5352.14 -5263.01 -5185.98 -5145.16 -5051.46 -4997.84 -4928.38 -4876.7 -4823.28 -4766.55 -4716.37 -4662.73 -4617.16 -4593.11 -4535.98 -4507.67 -4464.16 -4442.97 -4393.1 -4365.5 -4338.81 -4307.84 -4283.69 -4246.57 -4227.92 -4184.67 -4161.5 -4125.02 -4104.38 -4066.26 -4049.57 -4014.88 -3992.61 -3966.52 -3957.2 -3921.22 -3899.94 -3881.2 -3855.08 -3833.57 -3810.42 -3785.93 -3757.02 -3753.02 -3721.02 -3702.74 -3678.46 -3651.33 -3630.29 -3618.74 -3605.79 -3577.71 -3565.91 -3537.61 -3521.41 -3503.62 -3487.8 -3471.92 -3456.58 -3431.31 -3422.02 -3398.06 -3381.77 -3365.37 -3352.51 -3335.33 -3314.23 -3296.48 -3282.36 -3259.63 -3251.14 -3241.71 -3220.19 -3206.62 -3185.23 -3180.84 -3173.21 -3152.12 -3117.89 -3118.85 -3105.04 -3094.35 -3083.3 -3056.59 -3051.85 -3036.77 -3019.34 -3005.67 -3001.33 -2988.27 -2972.02 -2960.64 -2942.87 -2936.47 -2919.21 -2913.8 -2901.93 -2875.48 -2871.46 -2861.3 -2849.58 -2847.89 -2833.31 -2815.31 -2806.06 -2803.1 -2797.53 -2778.72 -2772.45 -2758.48 -2739.4 -2730.79 -2726.87 -2717.93 -2702.98 -2691.89 -2692.05 -2673.1 -2663.23 -2656.95 -2641.5 -2636.59 -2624.48 -2615.74 -2607.69 -2593.04 -2574.64 -2579.99 -2568.77 -2560.2 -2553.15 -2535.24 -2533.45 -2526.01 -2519.4 -2502.2 -2501.76 -2489.91 -2474.28 -2477.44 -2463.17 -2449.12 -2440.88 -2450.59 -2429.18 -2419.15 -2407.35 -2410.77 -2396.82 -2393.23 -2377.23 -2377.3 -2361.89 -2367.16 -2349.51 -2350.46 -2340.12 -2323.78 -2334.68 -2318.12 -2306.74 -2299.12 -2297.16 -2289.59 -2285.12 -2269.05 -2269.27 -2264.5 -2256.28 -2242.62 -2234.11 -2233.93 -2222.81 -2219.81 -2206.16 -2211.5 -2204.88 -2198.2 -2193.39 -2191.52 -2180.92 -2175.48 -2166.56 -2156.07 -2148.38 -2152.26 -2138.52 -2133.21 -2121.34 -2118.24 -2115.17 -2103.55 -2101.96 -2098.3 -2092.19 -2090.84 -2080.3 -2070.86 -2069.13 -2060.27 -2058.03 -2052.41 -2044.06 -2039.2 -2038.27 -2029.05 -2021.88 -2020.34 -2022.31 -2007.09 -2011.35 -2000.01 -1986.29 -1982.46 -1974.93 -1975.62 -1979.62 -1958.15 -1964.39 -1960.8 -1952.14 -1953.04 -1936.14 -1940.98 -1929.3 -1919.95 -1927.64 -1915.19 -1913.56 -1902.12 -1898.04 -1898.43 -1891.56 -1887.69 -1892.39 -1879.75 -1875.82 -1870.48 -1869.94 -1861.78 -1848.86 -1849.12 -1848.68 -1842.44 -1840.75 -1844.17 -1828.24 -1829.3 -1829.06 -1815.71 -1821.11 -1808.95 -1805.91 -1803.21 -1796.41 -1783.03 -1784.36 -1780.13 -1769.17 -1773.04 -1766.61 -1766.34 -1759.21 -1751.83 -1751.59 
====E2avg====
6.71089e+07 6.71089e+07 6.71089e+07 6.71089e+07 6.71089e+07 6.71089e+07 6.71089e+07 6.71089e+07 6.71089e+07 6.71089e+07 6.71089e+07 6.71089e+07 6.71089e+07 6.71089e+07 6.71089e+07 6.71089e+07 6.71089e+07 6.71089e+07 6.71089e+07 6.71089e+07 6.71089e+07 6.71089e+07 6.71089e+07 6.71089e+07 6.71089e+07 6.71089e+07 6.71089e+07 6.71089e+07 6.71089e+07 6.71089e+07 6.71089e+07 6.71089e+07 6.71089e+07 6.71089e+07 6.71089e+07 6.71089e+07 6.71089e+07 6.71089e+07 6.71089e+07 6.71089e+07 6.71089e+07 6.71089e+07 6.71089e+07 6.71089e+07 6.71089e+07 6.71089e+07 6.71089e+07 6.71086e+07 6.71089e+07 6.71089e+07 6.71089e+07 6.71089e+07 6.71089e+07 6.71089e+07 6.71082e+07 6.71086e+07 6.71086e+07 6.71084e+07 6.71086e+07 6.71076e+07 6.71078e+07 6.71078e+07 6.71078e+07 6.71073e+07 6.7106e+07 6.71048e+07 6.71064e+07 6.71041e+07 6.7105e+07 6.71027e+07 6.71027e+07 6.7103e+07 6.70991e+07 6.70967e+07 6.70991e+07 6.70935e+07 6.70962e+07 6.70922e+07 6.70904e+07 6.70844e+07 6.70867e+07 6.70778e+07 6.70791e+07 6.70693e+07 6.70692e+07 6.70636e+07 6.70564e+07 6.70619e+07 6.70445e+07 6.70422e+07 6.70352e+07 6.70259e+07 6.70146e+07 6.70032e+07 6.6998e+07 6.69802e+07 6.69819e+07 6.69628e+07 6.69405e+07 6.69456e+07 6.69209e+07 6.69065e+07 6.68793e+07 6.68781e+07 6.68357e+07 6.68209e+07 6.68124e+07 6.67885e+07 6.67641e+07 6.67167e+07 6.6703e+07 6.66831e+07 6.66284e+07 6.65963e+07 6.65809e+07 6.65415e+07 6.65084e+07 6.64543e+07 6.64123e+07 6.63924e+07 6.6338e+07 6.62982e+07 6.62256e+07 6.62265e+07 6.61503e+07 6.60784e+07 6.60486e+07 6.59745e+07 6.59212e+07 6.58184e+07 6.57848e+07 6.57107e+07 6.56617e+07 6.55869e+07 6.54893e+07 6.54132e+07 6.53272e+07 6.52312e+07 6.51675e+07 6.50793e+07 6.49435e+07 6.48815e+07 6.48215e+07 6.46772e+07 6.45805e+07 6.45088e+07 6.43238e+07 6.42468e+07 6.40993e+07 6.40453e+07 6.39012e+07 6.37642e+07 6.36323e+07 6.3452e+07 6.32998e+07 6.32271e+07 6.30142e+07 6.28099e+07 6.27332e+07 6.25658e+07 6.23687e+07 6.22452e+07 6.2032e+07 6.17909e+07 6.16521e+07 6.14238e+07 6.11779e+07 6.10536e+07 6.0955e+07 6.06864e+07 6.04321e+07 6.01935e+07 5.99955e+07 5.98439e+07 5.94915e+07 5.92893e+07 5.90781e+07 5.87996e+07 5.84597e+07 5.82505e+07 5.81038e+07 5.76145e+07 5.74948e+07 5.71821e+07 5.68989e+07 5.65904e+07 5.61748e+07 5.59847e+07 5.55728e+07 5.52943e+07 5.49482e+07 5.46905e+07 5.4238e+07 5.3878e+07 5.35275e+07 5.32316e+07 5.27369e+07 5.23249e+07 5.20493e+07 5.15429e+07 5.11787e+07 5.06446e+07 5.03534e+07 4.97998e+07 4.9376e+07 4.89241e+07 4.85571e+07 4.79368e+07 4.73899e+07 4.68574e+07 4.65549e+07 4.60279e+07 4.54256e+07 4.46444e+07 4.4275e+07 4.33607e+07 4.30395e+07 4.22905e+07 4.16632e+07 4.11265e+07 4.04475e+07 3.99196e+07 3.91739e+07 3.84724e+07 3.7657e+07 3.6938e+07 3.63763e+07 3.56833e+07 3.47608e+07 3.41299e+07 3.32458e+07 3.25174e+07 3.17304e+07 3.09196e+07 3.02338e+07 2.92738e+07 2.86848e+07 2.77367e+07 2.69335e+07 2.65111e+07 2.55529e+07 2.50098e+07 2.43223e+07 2.3815e+07 2.32913e+07 2.27465e+07 2.22699e+07 2.17674e+07 2.13442e+07 2.11179e+07 2.0598e+07 2.03413e+07 1.99494e+07 1.97594e+07 1.93198e+07 1.90781e+07 1.88451e+07 1.85798e+07 1.83678e+07 1.80541e+07 1.78965e+07 1.75298e+07 1.73362e+07 1.70353e+07 1.68649e+07 1.6552e+07 1.6415e+07 1.61395e+07 1.59582e+07 1.57525e+07 1.56764e+07 1.53954e+07 1.52281e+07 1.50786e+07 1.48784e+07 1.47139e+07 1.45344e+07 1.43494e+07 1.41316e+07 1.41016e+07 1.3864e+07 1.37274e+07 1.3547e+07 1.33491e+07 1.31942e+07 1.31101e+07 1.30179e+07 1.28152e+07 1.27304e+07 1.25293e+07 1.24147e+07 1.22919e+07 1.21787e+07 1.2069e+07 1.19633e+07 1.17889e+07 1.17264e+07 1.15612e+07 1.14519e+07 1.13403e+07 1.12544e+07 1.11382e+07 1.09976e+07 1.08821e+07 1.07889e+07 1.06413e+07 1.05836e+07 1.05232e+07 1.03842e+07 1.0298e+07 1.01582e+07 1.01333e+07 1.00827e+07 9.94941e+06 9.7346e+06 9.74047e+06 9.65525e+06 9.58919e+06 9.52044e+06 9.3568e+06 9.32662e+06 9.23533e+06 9.13103e+06 9.04589e+06 9.02187e+06 8.94266e+06 8.84513e+06 8.7798e+06 8.67454e+06 8.637e+06 8.53437e+06 8.5016e+06 8.434e+06 8.28109e+06 8.26062e+06 8.19921e+06 8.13344e+06 8.12378e+06 8.03942e+06 7.93882e+06 7.886e+06 7.86957e+06 7.83788e+06 7.7339e+06 7.69813e+06 7.62202e+06 7.51694e+06 7.46994e+06 7.44885e+06 7.39844e+06 7.31899e+06 7.25858e+06 7.26003e+06 7.15789e+06 7.10516e+06 7.07037e+06 6.98906e+06 6.96372e+06 6.89963e+06 6.85351e+06 6.81233e+06 6.73489e+06 6.64039e+06 6.66822e+06 6.61131e+06 6.56636e+06 6.53032e+06 6.43835e+06 6.42916e+06 6.39275e+06 6.35878e+06 6.27255e+06 6.27089e+06 6.21033e+06 6.1346e+06 6.14933e+06 6.07936e+06 6.01037e+06 5.97057e+06 6.01659e+06 5.91202e+06 5.86429e+06 5.80571e+06 5.8231e+06 5.75647e+06 5.73948e+06 5.66281e+06 5.66262e+06 5.5901e+06 5.61534e+06 5.53134e+06 5.53707e+06 5.48755e+06 5.41138e+06 5.46197e+06 5.38564e+06 5.33203e+06 5.29716e+06 5.28701e+06 5.25359e+06 5.23245e+06 5.15956e+06 5.16038e+06 5.13966e+06 5.10087e+06 5.03983e+06 5.0019e+06 5.00072e+06 4.95103e+06 4.93863e+06 4.87785e+06 4.90152e+06 4.87258e+06 4.84352e+06 4.82157e+06 4.81461e+06 4.76762e+06 4.74472e+06 4.7041e+06 4.65925e+06 4.62725e+06 4.64299e+06 4.58494e+06 4.56045e+06 4.51039e+06 4.49803e+06 4.48464e+06 4.43654e+06 4.42846e+06 4.4138e+06 4.38773e+06 4.38163e+06 4.33769e+06 4.29974e+06 4.29254e+06 4.25567e+06 4.2467e+06 4.22408e+06 4.18841e+06 4.16881e+06 4.16485e+06 4.12703e+06 4.09919e+06 4.09212e+06 4.10027e+06 4.03909e+06 4.05608e+06 4.00955e+06 3.95457e+06 3.9403e+06 3.9097e+06 3.91336e+06 3.93032e+06 3.84556e+06 3.86974e+06 3.85494e+06 3.82051e+06 3.82378e+06 3.75933e+06 3.77793e+06 3.73102e+06 3.69649e+06 3.72675e+06 3.67941e+06 3.67184e+06 3.62906e+06 3.61244e+06 3.61466e+06 3.58844e+06 3.57394e+06 3.59168e+06 3.54378e+06 3.52835e+06 3.50812e+06 3.50648e+06 3.47691e+06 3.42827e+06 3.42903e+06 3.42702e+06 3.40395e+06 3.39946e+06 3.41131e+06 3.35191e+06 3.35535e+06 3.35536e+06 3.30665e+06 3.32663e+06 3.28171e+06 3.2714e+06 3.26092e+06 3.23842e+06 3.18948e+06 3.1944e+06 3.17822e+06 3.14075e+06 3.15493e+06 3.13146e+06 3.12889e+06 3.10481e+06 3.07987e+06 3.07722e+06 
====T====
0 0.01 0.02 0.03 0.04 0.05 0.06 0.07 0.08 0.09 0.1 0.11 0.12 0.13 0.14 0.15 0.16 0.17 0.18 0.19 0.2 0.21 0.22 0.23 0.24 0.25 0.26 0.27 0.28 0.29 0.3 0.31 0.32 0.33 0.34 0.35 0.36 0.37 0.38 0.39 0.4 0.41 0.42 0.43 0.44 0.45 0.46 0.47 0.48 0.49 0.5 0.51 0.52 0.53 0.54 0.55 0.56 0.57 0.58 0.59 0.6 0.61 0.62 0.63 0.64 0.65 0.66 0.67 0.68 0.69 0.7 0.71 0.72 0.73 0.74 0.75 0.76 0.77 0.78 0.79 0.8 0.81 0.82 0.83 0.84 0.85 0.86 0.87 0.88 0.89 0.9 0.91 0.92 0.93 0.94 0.95 0.96 0.97 0.98 0.99 1 1.01 1.02 1.03 1.04 1.05 1.06 1.07 1.08 1.09 1.1 1.11 1.12 1.13 1.14 1.15 1.16 1.17 1.18 1.19 1.2 1.21 1.22 1.23 1.24 1.25 1.26 1.27 1.28 1.29 1.3 1.31 1.32 1.33 1.34 1.35 1.36 1.37 1.38 1.39 1.4 1.41 1.42 1.43 1.44 1.45 1.46 1.47 1.48 1.49 1.5 1.51 1.52 1.53 1.54 1.55 1.56 1.57 1.58 1.59 1.6 1.61 1.62 1.63 1.64 1.65 1.66 1.67 1.68 1.69 1.7 1.71 1.72 1.73 1.74 1.75 1.76 1.77 1.78 1.79 1.8 1.81 1.82 1.83 1.84 1.85 1.86 1.87 1.88 1.89 1.9 1.91 1.92 1.93 1.94 1.95 1.96 1.97 1.98 1.99 2 2.01 2.02 2.03 2.04 2.05 2.06 2.07 2.08 2.09 2.1 2.11 2.12 2.13 2.14 2.15 2.16 2.17 2.18 2.19 2.2 2.21 2.22 2.23 2.24 2.25 2.26 2.27 2.28 2.29 2.3 2.31 2.32 2.33 2.34 2.35 2.36 2.37 2.38 2.39 2.4 2.41 2.42 2.43 2.44 2.45 2.46 2.47 2.48 2.49 2.5 2.51 2.52 2.53 2.54 2.55 2.56 2.57 2.58 2.59 2.6 2.61 2.62 2.63 2.64 2.65 2.66 2.67 2.68 2.69 2.7 2.71 2.72 2.73 2.74 2.75 2.76 2.77 2.78 2.79 2.8 2.81 2.82 2.83 2.84 2.85 2.86 2.87 2.88 2.89 2.9 2.91 2.92 2.93 2.94 2.95 2.96 2.97 2.98 2.99 3 3.01 3.02 3.03 3.04 3.05 3.06 3.07 3.08 3.09 3.1 3.11 3.12 3.13 3.14 3.15 3.16 3.17 3.18 3.19 3.2 3.21 3.22 3.23 3.24 3.25 3.26 3.27 3.28 3.29 3.3 3.31 3.32 3.33 3.34 3.35 3.36 3.37 3.38 3.39 3.4 3.41 3.42 3.43 3.44 3.45 3.46 3.47 3.48 3.49 3.5 3.51 3.52 3.53 3.54 3.55 3.56 3.57 3.58 3.59 3.6 3.61 3.62 3.63 3.64 3.65 3.66 3.67 3.68 3.69 3.7 3.71 3.72 3.73 3.74 3.75 3.76 3.77 3.78 3.79 3.8 3.81 3.82 3.83 3.84 3.85 3.86 3.87 3.88 3.89 3.9 3.91 3.92 3.93 3.94 3.95 3.96 3.97 3.98 3.99 4 4.01 4.02 4.03 4.04 4.05 4.06 4.07 4.08 4.09 4.1 4.11 4.12 4.13 4.14 4.15 4.16 4.17 4.18 4.19 4.2 4.21 4.22 4.23 4.24 4.25 4.26 4.27 4.28 4.29 4.3 4.31 4.32 4.33 4.34 4.35 4.36 4.37 4.38 4.39 4.4 4.41 4.42 4.43 4.44 4.45 4.46 4.47 4.48 4.49 4.5 4.51 4.52 4.53 4.54 4.55 4.56 4.57 4.58 4.59 4.6 4.61 4.62 4.63 4.64 4.65 4.66 4.67 4.68 4.69 4.7 4.71 4.72 4.73 4.74 4.75 4.76 4.77 4.78 4.79 4.8 4.81 4.82 4.83 4.84 4.85 4.86 4.87 4.88 4.89 4.9 4.91 4.92 4.93 4.94 4.95 4.96 4.97 4.98 4.99 5 
====beta====
inf 100 50 33.3333 25 20 16.6667 14.2857 12.5 11.1111 10 9.09091 8.33333 7.69231 7.14286 6.66667 6.25 5.88235 5.55556 5.26316 5 4.7619 4.54545 4.34783 4.16667 4 3.84615 3.7037 3.57143 3.44828 3.33333 3.22581 3.125 3.0303 2.94118 2.85714 2.77778 2.7027 2.63158 2.5641 2.5 2.43902 2.38095 2.32558 2.27273 2.22222 2.17391 2.12766 2.08333 2.04082 2 1.96078 1.92308 1.88679 1.85185 1.81818 1.78571 1.75439 1.72414 1.69492 1.66667 1.63934 1.6129 1.5873 1.5625 1.53846 1.51515 1.49254 1.47059 1.44928 1.42857 1.40845 1.38889 1.36986 1.35135 1.33333 1.31579 1.2987 1.28205 1.26582 1.25 1.23457 1.21951 1.20482 1.19048 1.17647 1.16279 1.14943 1.13636 1.1236 1.11111 1.0989 1.08696 1.07527 1.06383 1.05263 1.04167 1.03093 1.02041 1.0101 1 0.990099 0.980392 0.970874 0.961538 0.952381 0.943396 0.934579 0.925926 0.917431 0.909091 0.900901 0.892857 0.884956 0.877193 0.869565 0.862069 0.854701 0.847458 0.840336 0.833333 0.826446 0.819672 0.813008 0.806452 0.8 0.793651 0.787402 0.78125 0.775194 0.769231 0.763359 0.757576 0.75188 0.746269 0.740741 0.735294 0.729927 0.724638 0.719424 0.714286 0.70922 0.704225 0.699301 0.694444 0.689655 0.684932 0.680272 0.675676 0.671141 0.666667 0.662252 0.657895 0.653595 0.649351 0.645161 0.641026 0.636943 0.632911 0.628931 0.625 0.621118 0.617284 0.613497 0.609756 0.606061 0.60241 0.598802 0.595238 0.591716 0.588235 0.584795 0.581395 0.578035 0.574713 0.571429 0.568182 0.564972 0.561798 0.558659 0.555556 0.552486 0.549451 0.546448 0.543478 0.540541 0.537634 0.534759 0.531915 0.529101 0.526316 0.52356 0.520833 0.518135 0.515464 0.512821 0.510204 0.507614 0.505051 0.502513 0.5 0.497512 0.49505 0.492611 0.490196 0.487805 0.485437 0.483092 0.480769 0.478469 0.47619 0.473934 0.471698 0.469484 0.46729 0.465116 0.462963 0.460829 0.458716 0.456621 0.454545 0.452489 0.45045 0.44843 0.446429 0.444444 0.442478 0.440529 0.438596 0.436681 0.434783 0.4329 0.431034 0.429185 0.42735 0.425532 0.423729 0.421941 0.420168 0.41841 0.416667 0.414938 0.413223 0.411523 0.409836 0.408163 0.406504 0.404858 0.403226 0.401606 0.4 0.398406 0.396825 0.395257 0.393701 0.392157 0.390625 0.389105 0.387597 0.3861 0.384615 0.383142 0.381679 0.380228 0.378788 0.377358 0.37594 0.374532 0.373134 0.371747 0.37037 0.369004 0.367647 0.3663 0.364964 0.363636 0.362319 0.361011 0.359712 0.358423 0.357143 0.355872 0.35461 0.353357 0.352113 0.350877 0.34965 0.348432 0.347222 0.346021 0.344828 0.343643 0.342466 0.341297 0.340136 0.338983 0.337838 0.3367 0.33557 0.334448 0.333333 0.332226 0.331126 0.330033 0.328947 0.327869 0.326797 0.325733 0.324675 0.323625 0.322581 0.321543 0.320513 0.319489 0.318471 0.31746 0.316456 0.315457 0.314465 0.31348 0.3125 0.311526 0.310559 0.309598 0.308642 0.307692 0.306748 0.30581 0.304878 0.303951 0.30303 0.302115 0.301205 0.3003 0.299401 0.298507 0.297619 0.296736 0.295858 0.294985 0.294118 0.293255 0.292398 0.291545 0.290698 0.289855 0.289017 0.288184 0.287356 0.286533 0.285714 0.2849 0.284091 0.283286 0.282486 0.28169 0.280899 0.280112 0.27933 0.278552 0.277778 0.277008 0.276243 0.275482 0.274725 0.273973 0.273224 0.27248 0.271739 0.271003 0.27027 0.269542 0.268817 0.268097 0.26738 0.266667 0.265957 0.265252 0.26455 0.263852 0.263158 0.262467 0.26178 0.261097 0.260417 0.25974 0.259067 0.258398 0.257732 0.257069 0.25641 0.255754 0.255102 0.254453 0.253807 0.253165 0.252525 0.251889 0.251256 0.250627 0.25 0.249377 0.248756 0.248139 0.247525 0.246914 0.246305 0.2457 0.245098 0.244499 0.243902 0.243309 0.242718 0.242131 0.241546 0.240964 0.240385 0.239808 0.239234 0.238663 0.238095 0.23753 0.236967 0.236407 0.235849 0.235294 0.234742 0.234192 0.233645 0.2331 0.232558 0.232019 0.231481 0.230947 0.230415 0.229885 0.229358 0.228833 0.228311 0.22779 0.227273 0.226757 0.226244 0.225734 0.225225 0.224719 0.224215 0.223714 0.223214 0.222717 0.222222 0.221729 0.221239 0.220751 0.220264 0.21978 0.219298 0.218818 0.218341 0.217865 0.217391 0.21692 0.21645 0.215983 0.215517 0.215054 0.214592 0.214133 0.213675 0.21322 0.212766 0.212314 0.211864 0.211416 0.21097 0.210526 0.210084 0.209644 0.209205 0.208768 0.208333 0.2079 0.207469 0.207039 0.206612 0.206186 0.205761 0.205339 0.204918 0.204499 0.204082 0.203666 0.203252 0.20284 0.202429 0.20202 0.201613 0.201207 0.200803 0.200401 0.2 
====Chi====
-nan 0 0 0 0 0 0 0 0 0 0 0 0 0 0 0 0 0 0 0 0 0 0 0 0 0 0 0 0 0 0 0 0 0 0 0 0 0 0 0 0 0 0 0 0 0 0 4.05026e-06 0 0 0 0 0 0 1.75985e-05 3.46113e-06 3.39933e-06 6.66631e-06 3.28211e-06 1.60061e-05 2.8455e-05 1.24095e-05 1.22093e-05 1.79524e-05 3.20782e-05 4.54829e-05 3.41146e-05 5.77754e-05 4.08412e-05 6.87613e-05 6.7779e-05 5.90117e-05 0.000121936 0.00013456 9.58306e-05 0.000144879 0.000143345 0.000196908 0.00017751 0.000238112 0.000215094 0.000300116 0.000279738 0.000364163 0.000365251 0.000422803 0.000477097 0.000456952 0.00058087 0.000617059 0.000753034 0.000775253 0.000771585 0.000861604 0.000844975 0.0011504 0.000981102 0.00123139 0.00147542 0.0013638 0.00165832 0.00143071 0.00201719 0.00191562 0.00203681 0.00216887 0.00205647 0.00243142 0.00273613 0.00303341 0.00274566 0.00338929 0.00358274 0.00403642 0.00373122 0.00440482 0.00495319 0.00514235 0.00561422 0.00553875 0.00561431 0.0063305 0.00633133 0.00709893 0.00636 0.00807163 0.00694503 0.00836962 0.00977697 0.00949973 0.0100528 0.0113049 0.0121493 0.0104905 0.0133526 0.0135778 0.0141323 0.0162877 0.0144717 0.0153027 0.0150678 0.0180967 0.0183684 0.0188741 0.019519 0.0208487 0.0231573 0.0214819 0.0230742 0.0272053 0.0278537 0.0265173 0.0261088 0.0319911 0.0325733 0.0315031 0.0385348 0.038181 0.035595 0.0434027 0.0434963 0.0413364 0.0444147 0.0530482 0.0467444 0.0513476 0.0568832 0.0663141 0.0585919 0.0613213 0.0704102 0.0731533 0.0829939 0.0876968 0.0874152 0.0916062 0.0834835 0.0851328 0.0875187 0.106951 0.119524 0.125764 0.127205 0.1393 0.123783 0.136863 0.164117 0.168354 0.195327 0.179093 0.220682 0.241469 0.240708 0.236825 0.258771 0.272126 0.309282 0.302689 0.294186 0.316366 0.344403 0.423124 0.465927 0.473369 0.551281 0.579745 0.575051 0.586467 0.641125 0.782317 0.866793 0.872981 0.974975 1.19966 1.23218 1.34661 1.52275 1.86092 1.99954 2.23664 2.5196 2.6344 2.92587 3.84529 4.3018 5.05455 5.7066 5.989 6.64366 7.35889 9.74161 10.2874 11.2933 12.8641 15.2849 17.5634 20.1107 21.5214 25.4422 27.2438 29.3452 32.3743 32.0929 30.1646 30.7498 30.8383 30.1392 31.9409 29.3341 27.1241 23.9914 24.4073 24.0486 22.5022 19.8705 18.1081 16.1994 16.8962 16.5778 15.5606 14.2307 13.5646 12.071 12.2517 11.3376 10.4917 10.4518 9.43513 8.76642 8.93732 9.66144 9.46343 8.44164 8.08727 8.14679 7.19261 8.00985 7.99697 7.08543 7.32234 7.10001 6.11777 5.89254 5.80666 5.76318 5.80122 5.17053 4.63696 5.23641 4.64213 5.14382 4.8164 4.8822 4.66957 4.40669 4.61486 4.38511 4.37993 4.08793 4.25128 3.70254 3.78515 3.8046 3.43175 3.3766 3.71585 3.94761 3.10446 3.37725 3.24615 2.96414 3.09343 3.10348 3.01856 2.91316 2.71955 2.79634 2.78265 2.35346 2.65633 2.91704 2.51996 2.41653 2.3961 2.57634 2.39016 2.20748 2.39914 2.17732 2.48744 2.1931 2.23959 2.14882 1.97108 1.99863 2.20667 2.01242 2.00794 1.72892 1.88582 1.95682 1.88209 1.95603 2.04098 1.91235 1.60363 1.90493 1.86213 2.03894 1.61097 1.73412 1.79926 1.71801 1.64252 1.6135 1.59515 1.5791 1.74185 1.5611 1.67162 1.66465 1.63327 1.6326 1.564 1.5831 1.49691 1.53509 1.52711 1.42098 1.36993 1.53226 1.44514 1.22248 1.3429 1.24548 1.36086 1.21544 1.22809 1.36122 1.36428 1.17499 1.28465 1.3388 1.31538 1.22633 1.12221 1.16935 1.15631 1.20455 1.12512 1.19531 1.19701 1.22984 1.10882 1.11757 0.968224 1.19089 1.17452 0.904868 1.07956 1.05749 1.06258 1.0914 1.16754 0.932504 1.02155 1.09151 0.972152 1.07477 0.978313 1.03411 1.12459 0.961146 1.03233 0.868251 0.916493 0.960764 0.959966 0.939792 0.884624 0.931125 1.01533 0.91559 0.900232 0.848373 0.890424 0.918076 0.880367 0.857975 0.843807 0.838851 0.935496 0.768543 0.891792 0.791503 0.791597 0.796133 0.864081 0.767234 0.85804 0.767526 0.828294 0.806836 0.851029 0.786957 0.777664 0.738528 0.794882 0.812409 0.803327 0.746587 0.761121 0.7586 0.744895 0.700977 0.714378 0.692996 0.700607 0.71276 0.744325 0.698411 0.681558 0.746614 0.70842 0.657069 0.692452 0.653109 0.726783 0.655186 0.71382 0.669995 0.657699 0.605451 0.649287 0.669543 0.565228 0.605544 0.647377 0.591107 0.61227 0.620793 0.599256 0.536684 0.560818 0.633528 0.632593 0.652163 0.57446 0.619682 0.591803 0.617251 0.586351 0.608184 0.518157 0.543392 0.534132 0.587757 0.626744 0.582721 0.563338 0.562146 
====Cv====
-nan 0 0 0 0 0 0 0 0 0 0 0 0 0 0 0 0 0 0 0 0 0 0 0 0 0 0 0 0 0 0 0 0 0 0 0 0 0 0 0 0 0 0 0 0 0 0 0.000137881 0 0 0 0 0 0 0.000338853 0.000100688 9.71236e-05 0.000187124 9.05409e-05 0.000434064 0.000463592 0.000325495 0.00031508 0.000455933 0.000801956 0.00111958 0.000705753 0.00126323 0.00096097 0.00159446 0.00154923 0.00132984 0.0025125 0.00285437 0.00207201 0.00309075 0.00293047 0.00387315 0.00347988 0.00459338 0.0042265 0.00571734 0.00538922 0.00673914 0.00666388 0.00761611 0.00872367 0.00812366 0.0101362 0.0109114 0.0123954 0.0132332 0.0131615 0.0142499 0.0134771 0.0186941 0.0156886 0.0193861 0.0232705 0.0209085 0.0241508 0.0212756 0.0273524 0.0277997 0.0284517 0.0308423 0.028746 0.033569 0.0366216 0.0392996 0.0365673 0.0431345 0.04721 0.0499437 0.0466947 0.0530018 0.0598626 0.0596844 0.0655136 0.0649661 0.0634356 0.070391 0.0710633 0.0772061 0.0688331 0.0867874 0.0743909 0.0844152 0.0970242 0.0970804 0.0998339 0.115151 0.11587 0.0959614 0.122477 0.12764 0.128833 0.140993 0.130231 0.135934 0.127702 0.154323 0.152585 0.151183 0.153466 0.168391 0.177193 0.168342 0.168344 0.199316 0.196578 0.184745 0.18897 0.227364 0.214354 0.20269 0.260314 0.253438 0.228703 0.258456 0.277947 0.254839 0.261073 0.302243 0.266768 0.293573 0.31334 0.362293 0.308621 0.329515 0.342498 0.337307 0.372768 0.402508 0.399754 0.408436 0.397784 0.375173 0.362227 0.440086 0.449053 0.460568 0.466483 0.496137 0.459115 0.473387 0.52975 0.553561 0.617021 0.535614 0.61824 0.644797 0.606392 0.613309 0.634001 0.641497 0.664538 0.72931 0.607808 0.713883 0.763724 0.800276 0.760528 0.756865 0.807424 0.862132 0.823468 0.849142 0.845426 0.896101 1.05562 0.958686 0.928311 1.09565 1.03002 1.08408 1.14187 1.10623 1.2019 1.30917 1.22354 1.30097 1.34107 1.51725 1.39326 1.41429 1.67755 1.46819 1.62838 1.4965 1.79795 1.74029 1.53873 1.59109 1.77914 1.74526 1.72596 1.62729 1.6833 1.63855 1.51156 1.32138 1.39226 1.3537 1.11808 1.07606 1.0403 1.0544 1.03323 0.835362 0.892627 0.858558 0.794797 0.739795 0.774169 0.768851 0.738705 0.824944 0.654102 0.755703 0.764621 0.658118 0.645229 0.687817 0.662872 0.609754 0.552664 0.695634 0.585568 0.650062 0.567964 0.644863 0.613072 0.48701 0.546491 0.569431 0.484944 0.512161 0.516094 0.5158 0.560199 0.529469 0.487949 0.514149 0.461607 0.445688 0.483944 0.450838 0.431285 0.427903 0.419349 0.4766 0.397631 0.419992 0.435421 0.419795 0.452293 0.39903 0.427526 0.39991 0.410128 0.372667 0.361204 0.408608 0.397683 0.42279 0.356536 0.376943 0.374763 0.400133 0.318546 0.39094 0.337119 0.336852 0.330706 0.325651 0.341978 0.344452 0.331152 0.337888 0.305614 0.315916 0.343732 0.276707 0.323281 0.297747 0.281514 0.328852 0.319418 0.319083 0.282074 0.25268 0.283583 0.280143 0.33557 0.264158 0.288677 0.285812 0.251317 0.272677 0.253779 0.25605 0.244209 0.261985 0.239949 0.263031 0.25772 0.258186 0.262984 0.226552 0.257344 0.243837 0.254412 0.243387 0.240519 0.212513 0.222298 0.231635 0.223929 0.216061 0.231616 0.206806 0.216391 0.219731 0.234271 0.215543 0.21415 0.197535 0.194184 0.215708 0.203577 0.204445 0.213471 0.18694 0.218766 0.201925 0.209733 0.208764 0.216964 0.190754 0.187733 0.202038 0.173497 0.188263 0.194074 0.196144 0.189528 0.18007 0.187618 0.191506 0.179089 0.19802 0.181125 0.180481 0.176838 0.186739 0.170804 0.173251 0.155349 0.174076 0.162605 0.16629 0.163362 0.17582 0.150508 0.155728 0.157834 0.151459 0.148572 0.161412 0.155825 0.155892 0.159756 0.163493 0.151047 0.168315 0.157974 0.16873 0.141192 0.147507 0.161909 0.148497 0.160224 0.134574 0.140158 0.14983 0.143844 0.155352 0.136249 0.145229 0.138415 0.131404 0.131112 0.146933 0.145572 0.141609 0.143878 0.149685 0.130076 0.13255 0.130199 0.125154 0.140141 0.12896 0.130255 0.131442 0.129442 0.116248 0.112182 0.122944 0.112756 0.123183 0.136678 0.133472 0.129196 0.120055 0.113361 0.110115 0.124418 0.121762 0.101628 0.118005 0.125254 0.130538 0.114723 0.124291 0.111135 0.118894 0.116268 0.117347 0.11644 0.113543 0.105743 0.103031 0.10659 0.1156 0.107649 0.104747 0.100469 0.0997829 0.117627 0.10909 0.0992557 0.0940813 0.103127 0.102142 0.105345 0.0970747 0.103599 0.0955084 0.115386 0.104145 0.105556 0.0938931 0.107858 0.11223 0.10469 0.0881494 0.0983263 0.107502 0.0892104 
