Size of the state?
64
0: ordered; others: disordered.
0
Temperature begin/end/step?
0 5 0.01
Thermalization steps? (10000+)
10000
Number of the workers?
4096
Done, time elapsed: 330s.
====Mavg====
1 1 1 1 1 1 1 1 1 1 1 1 1 1 1 1 1 1 1 1 1 1 1 1 1 1 1 1 1 1 1 1 1 1 1 1 1 1 1 1 1 1 1 1 1 1 1 1 1 1 1 1 1 1 1 0.999999 0.999998 0.999998 0.999998 0.999998 0.999996 0.999995 0.999994 0.999993 0.999992 0.999989 0.999987 0.999984 0.999983 0.999977 0.999971 0.99997 0.999967 0.999961 0.999953 0.999948 0.999948 0.999941 0.999924 0.999919 0.999905 0.99989 0.99988 0.999864 0.999848 0.999822 0.999813 0.999786 0.999774 0.999746 0.999707 0.999682 0.999642 0.999628 0.999569 0.999542 0.999493 0.999441 0.999394 0.999343 0.999279 0.999221 0.999133 0.999083 0.99903 0.998923 0.998841 0.998756 0.998676 0.998577 0.998451 0.998337 0.998229 0.998108 0.99798 0.997844 0.997726 0.997558 0.997375 0.99722 0.997051 0.996879 0.996637 0.996499 0.996293 0.996065 0.995828 0.995558 0.995327 0.995091 0.99483 0.99452 0.99421 0.993958 0.993642 0.993312 0.99288 0.992511 0.992176 0.991789 0.991459 0.991068 0.990592 0.990154 0.989677 0.989265 0.98886 0.988347 0.987777 0.987207 0.986757 0.986111 0.985479 0.984793 0.984224 0.983577 0.983009 0.982262 0.981534 0.980687 0.979909 0.979031 0.978136 0.977383 0.976652 0.975529 0.974572 0.973715 0.972745 0.971555 0.97052 0.969464 0.968358 0.967001 0.965817 0.96463 0.963312 0.962018 0.960652 0.959352 0.958091 0.956343 0.954801 0.953239 0.951415 0.949832 0.947892 0.946192 0.94416 0.942211 0.940314 0.93826 0.936179 0.933693 0.931438 0.92896 0.926653 0.924453 0.921616 0.919061 0.91609 0.913127 0.910145 0.906799 0.903577 0.900425 0.896942 0.893528 0.889684 0.885778 0.881992 0.8778 0.873671 0.869067 0.86439 0.85912 0.854558 0.849168 0.844089 0.838222 0.83247 0.826291 0.819933 0.813472 0.806388 0.799124 0.791849 0.784344 0.776609 0.768222 0.760216 0.751271 0.741799 0.732242 0.72232 0.711756 0.70041 0.68885 0.676975 0.664504 0.652501 0.639013 0.625866 0.61167 0.59758 0.583586 0.569606 0.554159 0.538561 0.523171 0.507044 0.490033 0.473358 0.456753 0.439867 0.423069 0.406174 0.388032 0.370194 0.353161 0.336431 0.318007 0.300349 0.283147 0.26628 0.249765 0.233509 0.218109 0.203208 0.188607 0.17433 0.160094 0.147442 0.135119 0.123532 0.112547 0.102206 0.0923074 0.0833584 0.0748472 0.0666541 0.0594825 0.0531384 0.0470514 0.0420525 0.036523 0.0316991 0.0278162 0.0236372 0.0203806 0.0172722 0.0151393 0.0127484 0.0111216 0.0103182 0.00849152 0.0073508 0.00614798 0.00544238 0.00455773 0.00342083 0.00345123 0.00282216 0.00214028 0.00156426 0.00188696 0.000439286 0.000683308 0.00117803 0.00194776 0.00171423 0.00103521 0.000371695 0.000759006 0.000383973 0.000657201 0.00045073 0.000783086 0.00103068 0.00113249 0.000664592 0.000145316 8.57115e-05 0.000605702 0.00039351 -0.000782251 -0.00141513 -0.000846744 -0.000351429 -0.0010047 -0.000850558 2.87294e-05 -0.000206828 -0.000416994 0.000468373 0.000757337 0.00082624 0.00052464 -0.00023067 -7.24792e-05 0.000655413 -7.70092e-05 0.000987768 -0.00066793 -5.98431e-05 -0.000236392 -0.000243425 0.000320435 0.00116503 0.00117922 0.000624657 0.000979185 0.00124657 0.00124514 0.000963092 0.000544906 9.16719e-05 -0.000328183 -0.000160575 0.000120044 3.016e-05 -0.000447273 0.000295758 -0.000638366 2.12193e-05 0.000157356 -0.000376582 -0.000762701 -0.000505686 -0.000389934 -0.000350952 0.000521779 8.01086e-05 -2.8491e-05 -0.000201106 -0.000390172 0.00015533 -0.000718594 -0.000132322 0.000455379 0.000143409 4.13656e-05 0.000600457 0.000448465 0.000131369 0.000633359 0.00063765 0.000378847 0.000291944 -7.65324e-05 0.00011611 -0.000532389 9.70364e-05 6.4373e-05 -0.000174165 0.000344515 0.000393867 0.000102639 -0.000441194 -0.00048697 -0.000724554 -0.000400305 0.000420213 0.000673652 0.000311613 0.000320673 -0.000163555 -0.000477552 -0.000194788 -0.000205994 -0.000284672 -0.00043714 -0.000979543 -0.00022614 0.000315666 0.000467181 -0.000449777 -0.000796676 9.93013e-05 4.66108e-05 -0.000607967 -0.000494361 -1.9908e-05 0.000102282 0.000961185 0.000755548 -0.00019753 0.000474572 0.000485778 0.000708938 9.03606e-05 -0.000239611 -0.000188231 -0.000443459 -0.00011611 9.65595e-05 0.000475883 -0.000107408 -0.000329256 0.000148058 9.38177e-05 -0.000340581 0.000246286 -3.05176e-05 -0.000305295 -0.000385642 -0.000586748 -0.000862002 -0.000650764 -0.0003618 -0.000274539 -0.000187874 -0.000209212 0.00082624 -0.000254154 0.000145912 -0.000434041 -0.000334382 3.42131e-05 -0.000327587 0.000299692 0.000751615 -0.00035727 -0.000834942 -0.000537276 -0.000224948 -8.18968e-05 -0.000837326 -0.00025034 -4.05312e-05 -0.000186682 -0.000545025 0.000294328 -0.000156164 -0.000123858 -8.51154e-05 -4.24385e-05 0.000392914 -0.000597358 -0.000536203 -0.000797153 -0.000564337 0.000130534 3.24249e-05 7.56979e-05 0.000183225 -0.000469327 -4.31538e-05 -0.000116706 3.48091e-05 0.000591993 0.0008533 -0.000180721 0.000418067 0.000253916 -0.000100255 -0.000152707 5.6386e-05 -0.000267506 -0.000307202 -0.000105143 
====M2avg====
1 1 1 1 1 1 1 1 1 1 1 1 1 1 1 1 1 1 1 1 1 1 1 1 1 1 1 1 1 1 1 1 1 1 1 1 1 1 1 1 1 1 1 1 1 1 1 1 1 1 0.999999 1 1 0.999999 0.999999 0.999999 0.999997 0.999996 0.999997 0.999996 0.999992 0.999989 0.999987 0.999985 0.999984 0.999978 0.999974 0.999968 0.999965 0.999954 0.999942 0.99994 0.999934 0.999922 0.999907 0.999897 0.999897 0.999881 0.999849 0.999839 0.99981 0.99978 0.999759 0.999728 0.999696 0.999644 0.999626 0.999572 0.999548 0.999491 0.999415 0.999363 0.999284 0.999256 0.999139 0.999084 0.998986 0.998882 0.998789 0.998686 0.998559 0.998443 0.998268 0.998167 0.998062 0.997848 0.997683 0.997514 0.997354 0.997158 0.996906 0.996678 0.996463 0.99622 0.995965 0.995693 0.995458 0.995123 0.994759 0.994449 0.994112 0.99377 0.993288 0.993012 0.992602 0.992147 0.991676 0.991139 0.990678 0.99021 0.98969 0.989073 0.988457 0.987956 0.987329 0.986673 0.985815 0.985083 0.984419 0.98365 0.982997 0.982222 0.981278 0.980412 0.979468 0.978653 0.977852 0.976839 0.975711 0.974587 0.9737 0.972425 0.971181 0.969829 0.96871 0.967436 0.966319 0.964853 0.963423 0.961762 0.960239 0.958519 0.956768 0.955297 0.953867 0.951678 0.949812 0.948144 0.946258 0.943947 0.941938 0.939888 0.937748 0.935123 0.932837 0.930546 0.928008 0.925519 0.922892 0.9204 0.917984 0.914643 0.911693 0.908717 0.905247 0.902243 0.898564 0.895349 0.891511 0.887836 0.884271 0.880417 0.876523 0.87188 0.867681 0.863075 0.858796 0.854736 0.849506 0.844813 0.839364 0.833953 0.828531 0.822467 0.816644 0.810965 0.80472 0.798625 0.791778 0.784852 0.778183 0.770828 0.763608 0.755606 0.747518 0.738452 0.730665 0.721527 0.712948 0.703123 0.693544 0.683319 0.672884 0.662398 0.650984 0.639364 0.627839 0.616079 0.604068 0.591178 0.578994 0.565579 0.551535 0.537576 0.523224 0.508174 0.492251 0.476285 0.46021 0.443645 0.427971 0.410697 0.394236 0.376799 0.35991 0.343497 0.327556 0.31032 0.293402 0.277401 0.260949 0.244137 0.228167 0.212879 0.197925 0.183524 0.169701 0.155402 0.142003 0.129725 0.11837 0.106433 0.0956733 0.0857217 0.0763681 0.0679873 0.0601824 0.0531709 0.0468855 0.0411325 0.0358876 0.0310751 0.0271178 0.0236211 0.0204991 0.0177142 0.0153386 0.0134057 0.0117703 0.0102189 0.00905013 0.00801586 0.00726434 0.00659382 0.00600017 0.00545734 0.00501295 0.00477155 0.00443253 0.00420689 0.00404788 0.0038677 0.00374283 0.00351468 0.00339824 0.00325571 0.00312162 0.00308255 0.00305388 0.00295227 0.00290591 0.00288207 0.00271199 0.00265992 0.00269452 0.00260471 0.00257929 0.0025165 0.00257295 0.00256154 0.00255469 0.00245606 0.00243078 0.00233362 0.00234903 0.00225574 0.00224563 0.00219303 0.00218019 0.00218191 0.00215741 0.00205864 0.00202862 0.00199787 0.00201692 0.00200804 0.00196797 0.00194257 0.00192934 0.0018413 0.00170039 0.00175441 0.00177043 0.00176435 0.00177324 0.00174138 0.00166743 0.00169653 0.00171642 0.00170279 0.00169436 0.00172129 0.00164825 0.00168476 0.0016154 0.00161819 0.00157055 0.00156117 0.00157159 0.00149681 0.00146376 0.00148413 0.00154198 0.00150399 0.00145753 0.00138889 0.00140589 0.00140995 0.00143535 0.00134677 0.00136572 0.00134411 0.00132857 0.00134523 0.00134998 0.00135059 0.00130122 0.00130373 0.00130658 0.00126867 0.00125366 0.00123478 0.0012241 0.00129242 0.00124788 0.00119974 0.00120589 0.00117047 0.00122224 0.00119556 0.00118549 0.0011648 0.00116092 0.00114145 0.00113548 0.0011236 0.00113939 0.0011588 0.00108717 0.00113917 0.00114202 0.00112709 0.00113529 0.00108413 0.00107116 0.00102279 0.00105239 0.00108893 0.00106805 0.00105387 0.001038 0.00105743 0.00102498 0.000998818 0.00101729 0.00101208 0.000983935 0.00103262 0.0010283 0.00104991 0.00101881 0.00100782 0.000961586 0.000971629 0.000983335 0.000972346 0.000958557 0.000971402 0.000989639 0.00095568 0.000949084 0.000938929 0.000941876 0.000931622 0.000937622 0.000929683 0.000949684 0.000946925 0.000914253 0.000903445 0.000911934 0.000886829 0.00089787 0.000886032 0.000877992 0.000893096 0.000884731 0.000864128 0.000843793 0.000877945 0.000882245 0.000850542 0.000874618 0.000832614 0.00081311 0.000835318 0.000821079 0.000837021 0.000823201 0.00080968 0.00083269 0.000823534 0.000837435 0.000821995 0.000799158 0.000823489 0.000818006 0.000808773 0.000780924 0.000797387 0.000812306 0.000781862 0.000788322 0.000769586 0.0008012 0.000770573 0.000752163 0.000796675 0.000774894 0.000742421 0.0007672 0.000783083 0.000733875 0.000722536 0.000783886 0.000750406 0.000761387 0.000740438 0.000741268 0.000738549 0.000734325 0.000709283 0.000722767 0.000727946 0.00073504 0.000724329 0.000748843 0.000758654 0.000730448 0.000687187 0.000720891 0.000699735 0.0007053 0.000720372 0.000695635 0.000700795 0.000734191 0.000713457 0.000716287 0.000695519 0.000702311 
====Eavg====
-8192 -8192 -8192 -8192 -8192 -8192 -8192 -8192 -8192 -8192 -8192 -8192 -8192 -8192 -8192 -8192 -8192 -8192 -8192 -8192 -8192 -8192 -8192 -8192 -8192 -8192 -8192 -8192 -8192 -8192 -8192 -8192 -8192 -8192 -8192 -8192 -8192 -8192 -8192 -8192 -8192 -8192 -8192 -8192 -8192 -8192 -8192 -8192 -8192 -8192 -8191.99 -8192 -8192 -8191.99 -8191.99 -8191.99 -8191.97 -8191.97 -8191.97 -8191.97 -8191.94 -8191.92 -8191.9 -8191.89 -8191.88 -8191.83 -8191.8 -8191.76 -8191.73 -8191.65 -8191.55 -8191.53 -8191.48 -8191.39 -8191.26 -8191.19 -8191.18 -8191.04 -8190.78 -8190.71 -8190.46 -8190.22 -8190.05 -8189.79 -8189.54 -8189.12 -8188.96 -8188.53 -8188.34 -8187.87 -8187.27 -8186.84 -8186.22 -8186 -8185.04 -8184.61 -8183.82 -8183.03 -8182.26 -8181.45 -8180.43 -8179.45 -8178.09 -8177.3 -8176.48 -8174.8 -8173.46 -8172.16 -8170.9 -8169.39 -8167.41 -8165.58 -8163.88 -8161.96 -8160.04 -8157.88 -8156.04 -8153.48 -8150.6 -8148.25 -8145.64 -8143.04 -8139.34 -8137.23 -8134.18 -8130.58 -8127.03 -8122.92 -8119.42 -8115.87 -8111.99 -8107.25 -8102.75 -8098.97 -8094.39 -8089.33 -8083.06 -8077.63 -8072.93 -8066.94 -8062.33 -8056.5 -8049.81 -8043.41 -8036.65 -8030.71 -8024.93 -8018.05 -8009.64 -8001.24 -7995.2 -7986.36 -7977.55 -7968.04 -7959.91 -7951.14 -7942.99 -7932.9 -7922.82 -7911.74 -7901.13 -7889.83 -7878.1 -7867.6 -7858.28 -7843.29 -7831.08 -7820.49 -7807.85 -7792.51 -7779.56 -7765.98 -7752.6 -7736.02 -7720.8 -7706.14 -7690.87 -7674.65 -7658.02 -7642.15 -7626.82 -7606.93 -7589.23 -7571.28 -7550.44 -7532.21 -7510.79 -7490.8 -7468.47 -7447.98 -7427.77 -7405.64 -7384.52 -7357.21 -7334.19 -7307.98 -7284.41 -7262.9 -7233.77 -7208.76 -7179.59 -7151.29 -7123.76 -7091.11 -7062.74 -7035.13 -7002.57 -6971.02 -6938.24 -6905.7 -6872.68 -6837.54 -6803.93 -6764.79 -6729.43 -6688.32 -6652.07 -6612.54 -6574.18 -6532.47 -6489.96 -6447.08 -6401.83 -6360.92 -6315.11 -6267.27 -6221.52 -6173.91 -6126.12 -6076.92 -6029.15 -5979.97 -5925.99 -5873.3 -5820.44 -5769.37 -5709.79 -5653.43 -5599.57 -5541.67 -5487.22 -5426.96 -5371.55 -5313.93 -5256.11 -5201.31 -5146.96 -5085.6 -5029.78 -4976.13 -4921.66 -4865.85 -4811.6 -4759.68 -4706.95 -4660.09 -4610.35 -4557.96 -4506.76 -4457.08 -4413.35 -4370.03 -4326.16 -4281.29 -4241.27 -4201.12 -4163.46 -4125.71 -4089.77 -4056.21 -4020.92 -3989.12 -3959.72 -3928.53 -3902.56 -3872.61 -3845.5 -3819.67 -3796.43 -3770.54 -3748.23 -3722.59 -3700.61 -3677.75 -3660.35 -3637.85 -3613.85 -3597.19 -3575.3 -3554.34 -3539.19 -3519.1 -3500.17 -3482.17 -3466.11 -3449.5 -3426.43 -3406.71 -3387.65 -3373.97 -3358.08 -3341 -3324.86 -3309.34 -3291.9 -3275.42 -3257.25 -3241.19 -3227.38 -3213.55 -3197.55 -3184.14 -3171.49 -3152.9 -3139.42 -3125.9 -3110.31 -3099.83 -3082.24 -3074.46 -3055.8 -3042.78 -3029.68 -3014.48 -3005.63 -2993.47 -2979.95 -2966.75 -2950.71 -2942.54 -2928.02 -2914.29 -2903.95 -2893.59 -2878.89 -2867.2 -2858.71 -2845.64 -2834.97 -2822.31 -2810.84 -2799 -2790.77 -2779.8 -2768.93 -2760.65 -2746.96 -2737.92 -2728.07 -2717.75 -2706.65 -2691.71 -2685.72 -2673 -2663.28 -2653.07 -2647.28 -2638.05 -2627.33 -2615.17 -2606.84 -2599.98 -2590.92 -2579.63 -2571.47 -2566.15 -2551.21 -2542.74 -2533.72 -2524.02 -2515.69 -2508.82 -2500.47 -2491.27 -2480.89 -2474.81 -2467.99 -2459.84 -2451.25 -2440.54 -2436.89 -2424.89 -2421.28 -2410.23 -2402.51 -2392.97 -2385.47 -2381.49 -2370.39 -2361.92 -2355.85 -2349.81 -2343.15 -2333.29 -2327.83 -2321.67 -2312.19 -2305.33 -2297.81 -2291.73 -2283.24 -2273.63 -2266.25 -2261.95 -2255.42 -2250.54 -2242.86 -2234.33 -2226.9 -2224.35 -2216.74 -2209.23 -2205.49 -2197.61 -2188.77 -2187.71 -2174.61 -2169.39 -2165.08 -2154.99 -2150.94 -2143.97 -2137.88 -2132.86 -2128.58 -2121.74 -2113.86 -2108.83 -2102.52 -2097.31 -2089.03 -2082.93 -2079.96 -2074.53 -2070.39 -2062.91 -2055.89 -2051.03 -2047.74 -2038.17 -2034.39 -2028.42 -2023.78 -2017.22 -2014.41 -2007.56 -2002.45 -1997.82 -1991.12 -1989.85 -1980.76 -1977.52 -1972.9 -1965.35 -1961.9 -1956.33 -1951.23 -1945.17 -1941.58 -1938.02 -1933.4 -1927.5 -1921.12 -1917.01 -1913.94 -1906.27 -1902.83 -1898.47 -1892.3 -1886.87 -1884.6 -1876.05 -1874.48 -1868.76 -1865.03 -1860.93 -1857.05 -1851.48 -1846.61 -1843.39 -1838.05 -1830.43 -1824.27 -1823.67 -1820.13 -1818.61 -1811.03 -1807.54 -1803.4 -1798.87 -1797.76 -1792.25 -1788.22 -1784.11 -1779.25 -1774.8 -1768.99 -1766.67 -1762.43 -1757.24 -1754.92 
====E2avg====
6.71089e+07 6.71089e+07 6.71089e+07 6.71089e+07 6.71089e+07 6.71089e+07 6.71089e+07 6.71089e+07 6.71089e+07 6.71089e+07 6.71089e+07 6.71089e+07 6.71089e+07 6.71089e+07 6.71089e+07 6.71089e+07 6.71089e+07 6.71089e+07 6.71089e+07 6.71089e+07 6.71089e+07 6.71089e+07 6.71089e+07 6.71089e+07 6.71089e+07 6.71089e+07 6.71089e+07 6.71089e+07 6.71089e+07 6.71089e+07 6.71089e+07 6.71089e+07 6.71089e+07 6.71089e+07 6.71089e+07 6.71089e+07 6.71089e+07 6.71089e+07 6.71089e+07 6.71089e+07 6.71089e+07 6.71089e+07 6.71089e+07 6.71089e+07 6.71089e+07 6.71089e+07 6.71088e+07 6.71088e+07 6.71088e+07 6.71088e+07 6.71088e+07 6.71089e+07 6.71088e+07 6.71088e+07 6.71087e+07 6.71087e+07 6.71084e+07 6.71084e+07 6.71084e+07 6.71083e+07 6.71079e+07 6.71075e+07 6.71072e+07 6.7107e+07 6.71068e+07 6.7106e+07 6.71055e+07 6.71049e+07 6.71044e+07 6.71031e+07 6.71016e+07 6.71012e+07 6.71004e+07 6.70988e+07 6.70967e+07 6.70956e+07 6.70955e+07 6.70932e+07 6.70889e+07 6.70877e+07 6.70837e+07 6.70797e+07 6.70769e+07 6.70727e+07 6.70686e+07 6.70616e+07 6.7059e+07 6.70521e+07 6.7049e+07 6.70413e+07 6.70314e+07 6.70244e+07 6.70143e+07 6.70106e+07 6.6995e+07 6.69879e+07 6.6975e+07 6.6962e+07 6.69494e+07 6.69363e+07 6.69195e+07 6.69035e+07 6.68813e+07 6.68684e+07 6.68549e+07 6.68275e+07 6.68057e+07 6.67843e+07 6.67638e+07 6.67391e+07 6.67068e+07 6.6677e+07 6.66491e+07 6.66178e+07 6.65866e+07 6.65513e+07 6.65213e+07 6.64796e+07 6.64326e+07 6.63944e+07 6.63518e+07 6.63095e+07 6.62493e+07 6.62149e+07 6.61653e+07 6.61069e+07 6.60492e+07 6.59824e+07 6.59256e+07 6.5868e+07 6.58051e+07 6.57282e+07 6.56553e+07 6.55941e+07 6.55199e+07 6.54382e+07 6.53369e+07 6.52492e+07 6.51733e+07 6.50767e+07 6.50023e+07 6.49084e+07 6.48007e+07 6.46978e+07 6.4589e+07 6.44937e+07 6.4401e+07 6.42907e+07 6.4156e+07 6.40216e+07 6.39251e+07 6.37839e+07 6.36433e+07 6.34918e+07 6.33623e+07 6.32229e+07 6.30933e+07 6.29333e+07 6.27735e+07 6.25982e+07 6.24306e+07 6.22522e+07 6.20675e+07 6.19022e+07 6.17555e+07 6.15205e+07 6.13292e+07 6.11637e+07 6.09662e+07 6.07273e+07 6.05255e+07 6.03145e+07 6.01071e+07 5.98502e+07 5.96152e+07 5.93893e+07 5.91545e+07 5.89055e+07 5.86504e+07 5.84079e+07 5.81741e+07 5.78715e+07 5.76021e+07 5.73303e+07 5.70155e+07 5.67411e+07 5.6419e+07 5.61195e+07 5.57856e+07 5.54801e+07 5.51796e+07 5.48518e+07 5.45399e+07 5.41374e+07 5.37995e+07 5.3416e+07 5.30722e+07 5.27601e+07 5.23377e+07 5.19772e+07 5.15575e+07 5.11523e+07 5.07599e+07 5.02965e+07 4.98951e+07 4.95062e+07 4.90495e+07 4.86092e+07 4.81536e+07 4.77032e+07 4.72488e+07 4.67678e+07 4.63094e+07 4.57791e+07 4.53024e+07 4.47507e+07 4.42677e+07 4.37449e+07 4.32389e+07 4.26935e+07 4.21401e+07 4.15856e+07 4.10041e+07 4.04838e+07 3.99036e+07 3.93018e+07 3.87313e+07 3.81412e+07 3.75543e+07 3.69543e+07 3.63759e+07 3.57867e+07 3.51455e+07 3.45239e+07 3.39058e+07 3.3315e+07 3.26312e+07 3.19909e+07 3.13856e+07 3.07414e+07 3.01414e+07 2.94831e+07 2.88859e+07 2.82697e+07 2.76585e+07 2.70848e+07 2.65225e+07 2.58935e+07 2.53295e+07 2.47933e+07 2.42537e+07 2.37075e+07 2.3182e+07 2.26844e+07 2.2184e+07 2.17444e+07 2.12839e+07 2.08019e+07 2.03377e+07 1.98921e+07 1.95031e+07 1.91219e+07 1.87399e+07 1.83524e+07 1.80112e+07 1.76721e+07 1.73562e+07 1.70435e+07 1.67478e+07 1.64737e+07 1.61882e+07 1.59322e+07 1.5699e+07 1.54517e+07 1.52486e+07 1.5015e+07 1.48052e+07 1.46069e+07 1.44305e+07 1.4234e+07 1.40662e+07 1.38747e+07 1.37113e+07 1.35423e+07 1.34147e+07 1.32501e+07 1.30768e+07 1.2956e+07 1.27988e+07 1.26494e+07 1.25422e+07 1.23995e+07 1.22667e+07 1.21414e+07 1.20301e+07 1.19146e+07 1.1756e+07 1.16208e+07 1.14914e+07 1.13988e+07 1.12915e+07 1.11767e+07 1.10691e+07 1.09666e+07 1.08515e+07 1.07431e+07 1.06238e+07 1.05201e+07 1.04298e+07 1.03416e+07 1.02386e+07 1.01532e+07 1.00721e+07 9.95491e+06 9.87019e+06 9.78485e+06 9.6882e+06 9.62247e+06 9.51356e+06 9.46587e+06 9.35138e+06 9.27212e+06 9.1928e+06 9.10041e+06 9.04687e+06 8.97477e+06 8.89341e+06 8.81518e+06 8.72007e+06 8.67147e+06 8.58617e+06 8.50607e+06 8.44592e+06 8.38607e+06 8.30078e+06 8.23338e+06 8.18491e+06 8.11054e+06 8.04952e+06 7.9785e+06 7.91382e+06 7.84716e+06 7.80105e+06 7.74027e+06 7.67996e+06 7.63352e+06 7.5591e+06 7.5094e+06 7.4546e+06 7.39861e+06 7.33855e+06 7.25755e+06 7.2253e+06 7.1573e+06 7.10578e+06 7.05124e+06 7.02059e+06 6.97176e+06 6.91531e+06 6.85116e+06 6.80766e+06 6.77202e+06 6.72482e+06 6.66665e+06 6.6246e+06 6.59707e+06 6.52088e+06 6.47766e+06 6.43238e+06 6.3826e+06 6.3408e+06 6.30563e+06 6.26427e+06 6.21848e+06 6.16699e+06 6.13647e+06 6.10339e+06 6.06232e+06 6.02055e+06 5.96758e+06 5.94984e+06 5.89147e+06 5.87404e+06 5.82083e+06 5.78387e+06 5.73742e+06 5.70195e+06 5.68316e+06 5.63014e+06 5.59004e+06 5.56165e+06 5.53323e+06 5.50163e+06 5.45567e+06 5.4298e+06 5.40178e+06 5.35782e+06 5.32578e+06 5.29094e+06 5.26309e+06 5.22446e+06 5.18043e+06 5.14688e+06 5.12713e+06 5.09801e+06 5.07597e+06 5.0421e+06 5.0037e+06 4.97027e+06 4.95863e+06 4.92482e+06 4.89192e+06 4.87512e+06 4.84017e+06 4.80159e+06 4.79706e+06 4.74028e+06 4.71708e+06 4.69869e+06 4.65497e+06 4.63704e+06 4.60729e+06 4.58174e+06 4.56032e+06 4.54166e+06 4.51289e+06 4.47908e+06 4.45788e+06 4.43138e+06 4.40923e+06 4.37509e+06 4.3489e+06 4.33708e+06 4.31441e+06 4.29767e+06 4.26597e+06 4.23704e+06 4.2176e+06 4.20374e+06 4.16488e+06 4.14951e+06 4.12513e+06 4.10607e+06 4.07989e+06 4.06851e+06 4.04073e+06 4.02063e+06 4.00177e+06 3.97525e+06 3.9703e+06 3.93393e+06 3.92109e+06 3.90298e+06 3.8731e+06 3.85931e+06 3.838e+06 3.8177e+06 3.79426e+06 3.78026e+06 3.76576e+06 3.74845e+06 3.72534e+06 3.70116e+06 3.68535e+06 3.67342e+06 3.64415e+06 3.6313e+06 3.61445e+06 3.5908e+06 3.57048e+06 3.56194e+06 3.52993e+06 3.52389e+06 3.5027e+06 3.48915e+06 3.47379e+06 3.45886e+06 3.43842e+06 3.42031e+06 3.4078e+06 3.38837e+06 3.3605e+06 3.33797e+06 3.33631e+06 3.32291e+06 3.31719e+06 3.28999e+06 3.27742e+06 3.26273e+06 3.2461e+06 3.24201e+06 3.2224e+06 3.20788e+06 3.19331e+06 3.17563e+06 3.15993e+06 3.13926e+06 3.1312e+06 3.11597e+06 3.09746e+06 3.08983e+06 
====T====
0 0.01 0.02 0.03 0.04 0.05 0.06 0.07 0.08 0.09 0.1 0.11 0.12 0.13 0.14 0.15 0.16 0.17 0.18 0.19 0.2 0.21 0.22 0.23 0.24 0.25 0.26 0.27 0.28 0.29 0.3 0.31 0.32 0.33 0.34 0.35 0.36 0.37 0.38 0.39 0.4 0.41 0.42 0.43 0.44 0.45 0.46 0.47 0.48 0.49 0.5 0.51 0.52 0.53 0.54 0.55 0.56 0.57 0.58 0.59 0.6 0.61 0.62 0.63 0.64 0.65 0.66 0.67 0.68 0.69 0.7 0.71 0.72 0.73 0.74 0.75 0.76 0.77 0.78 0.79 0.8 0.81 0.82 0.83 0.84 0.85 0.86 0.87 0.88 0.89 0.9 0.91 0.92 0.93 0.94 0.95 0.96 0.97 0.98 0.99 1 1.01 1.02 1.03 1.04 1.05 1.06 1.07 1.08 1.09 1.1 1.11 1.12 1.13 1.14 1.15 1.16 1.17 1.18 1.19 1.2 1.21 1.22 1.23 1.24 1.25 1.26 1.27 1.28 1.29 1.3 1.31 1.32 1.33 1.34 1.35 1.36 1.37 1.38 1.39 1.4 1.41 1.42 1.43 1.44 1.45 1.46 1.47 1.48 1.49 1.5 1.51 1.52 1.53 1.54 1.55 1.56 1.57 1.58 1.59 1.6 1.61 1.62 1.63 1.64 1.65 1.66 1.67 1.68 1.69 1.7 1.71 1.72 1.73 1.74 1.75 1.76 1.77 1.78 1.79 1.8 1.81 1.82 1.83 1.84 1.85 1.86 1.87 1.88 1.89 1.9 1.91 1.92 1.93 1.94 1.95 1.96 1.97 1.98 1.99 2 2.01 2.02 2.03 2.04 2.05 2.06 2.07 2.08 2.09 2.1 2.11 2.12 2.13 2.14 2.15 2.16 2.17 2.18 2.19 2.2 2.21 2.22 2.23 2.24 2.25 2.26 2.27 2.28 2.29 2.3 2.31 2.32 2.33 2.34 2.35 2.36 2.37 2.38 2.39 2.4 2.41 2.42 2.43 2.44 2.45 2.46 2.47 2.48 2.49 2.5 2.51 2.52 2.53 2.54 2.55 2.56 2.57 2.58 2.59 2.6 2.61 2.62 2.63 2.64 2.65 2.66 2.67 2.68 2.69 2.7 2.71 2.72 2.73 2.74 2.75 2.76 2.77 2.78 2.79 2.8 2.81 2.82 2.83 2.84 2.85 2.86 2.87 2.88 2.89 2.9 2.91 2.92 2.93 2.94 2.95 2.96 2.97 2.98 2.99 3 3.01 3.02 3.03 3.04 3.05 3.06 3.07 3.08 3.09 3.1 3.11 3.12 3.13 3.14 3.15 3.16 3.17 3.18 3.19 3.2 3.21 3.22 3.23 3.24 3.25 3.26 3.27 3.28 3.29 3.3 3.31 3.32 3.33 3.34 3.35 3.36 3.37 3.38 3.39 3.4 3.41 3.42 3.43 3.44 3.45 3.46 3.47 3.48 3.49 3.5 3.51 3.52 3.53 3.54 3.55 3.56 3.57 3.58 3.59 3.6 3.61 3.62 3.63 3.64 3.65 3.66 3.67 3.68 3.69 3.7 3.71 3.72 3.73 3.74 3.75 3.76 3.77 3.78 3.79 3.8 3.81 3.82 3.83 3.84 3.85 3.86 3.87 3.88 3.89 3.9 3.91 3.92 3.93 3.94 3.95 3.96 3.97 3.98 3.99 4 4.01 4.02 4.03 4.04 4.05 4.06 4.07 4.08 4.09 4.1 4.11 4.12 4.13 4.14 4.15 4.16 4.17 4.18 4.19 4.2 4.21 4.22 4.23 4.24 4.25 4.26 4.27 4.28 4.29 4.3 4.31 4.32 4.33 4.34 4.35 4.36 4.37 4.38 4.39 4.4 4.41 4.42 4.43 4.44 4.45 4.46 4.47 4.48 4.49 4.5 4.51 4.52 4.53 4.54 4.55 4.56 4.57 4.58 4.59 4.6 4.61 4.62 4.63 4.64 4.65 4.66 4.67 4.68 4.69 4.7 4.71 4.72 4.73 4.74 4.75 4.76 4.77 4.78 4.79 4.8 4.81 4.82 4.83 4.84 4.85 4.86 4.87 4.88 4.89 4.9 4.91 4.92 4.93 4.94 4.95 4.96 4.97 4.98 4.99 5 
====beta====
inf 100 50 33.3333 25 20 16.6667 14.2857 12.5 11.1111 10 9.09091 8.33333 7.69231 7.14286 6.66667 6.25 5.88235 5.55556 5.26316 5 4.7619 4.54545 4.34783 4.16667 4 3.84615 3.7037 3.57143 3.44828 3.33333 3.22581 3.125 3.0303 2.94118 2.85714 2.77778 2.7027 2.63158 2.5641 2.5 2.43902 2.38095 2.32558 2.27273 2.22222 2.17391 2.12766 2.08333 2.04082 2 1.96078 1.92308 1.88679 1.85185 1.81818 1.78571 1.75439 1.72414 1.69492 1.66667 1.63934 1.6129 1.5873 1.5625 1.53846 1.51515 1.49254 1.47059 1.44928 1.42857 1.40845 1.38889 1.36986 1.35135 1.33333 1.31579 1.2987 1.28205 1.26582 1.25 1.23457 1.21951 1.20482 1.19048 1.17647 1.16279 1.14943 1.13636 1.1236 1.11111 1.0989 1.08696 1.07527 1.06383 1.05263 1.04167 1.03093 1.02041 1.0101 1 0.990099 0.980392 0.970874 0.961538 0.952381 0.943396 0.934579 0.925926 0.917431 0.909091 0.900901 0.892857 0.884956 0.877193 0.869565 0.862069 0.854701 0.847458 0.840336 0.833333 0.826446 0.819672 0.813008 0.806452 0.8 0.793651 0.787402 0.78125 0.775194 0.769231 0.763359 0.757576 0.75188 0.746269 0.740741 0.735294 0.729927 0.724638 0.719424 0.714286 0.70922 0.704225 0.699301 0.694444 0.689655 0.684932 0.680272 0.675676 0.671141 0.666667 0.662252 0.657895 0.653595 0.649351 0.645161 0.641026 0.636943 0.632911 0.628931 0.625 0.621118 0.617284 0.613497 0.609756 0.606061 0.60241 0.598802 0.595238 0.591716 0.588235 0.584795 0.581395 0.578035 0.574713 0.571429 0.568182 0.564972 0.561798 0.558659 0.555556 0.552486 0.549451 0.546448 0.543478 0.540541 0.537634 0.534759 0.531915 0.529101 0.526316 0.52356 0.520833 0.518135 0.515464 0.512821 0.510204 0.507614 0.505051 0.502513 0.5 0.497512 0.49505 0.492611 0.490196 0.487805 0.485437 0.483092 0.480769 0.478469 0.47619 0.473934 0.471698 0.469484 0.46729 0.465116 0.462963 0.460829 0.458716 0.456621 0.454545 0.452489 0.45045 0.44843 0.446429 0.444444 0.442478 0.440529 0.438596 0.436681 0.434783 0.4329 0.431034 0.429185 0.42735 0.425532 0.423729 0.421941 0.420168 0.41841 0.416667 0.414938 0.413223 0.411523 0.409836 0.408163 0.406504 0.404858 0.403226 0.401606 0.4 0.398406 0.396825 0.395257 0.393701 0.392157 0.390625 0.389105 0.387597 0.3861 0.384615 0.383142 0.381679 0.380228 0.378788 0.377358 0.37594 0.374532 0.373134 0.371747 0.37037 0.369004 0.367647 0.3663 0.364964 0.363636 0.362319 0.361011 0.359712 0.358423 0.357143 0.355872 0.35461 0.353357 0.352113 0.350877 0.34965 0.348432 0.347222 0.346021 0.344828 0.343643 0.342466 0.341297 0.340136 0.338983 0.337838 0.3367 0.33557 0.334448 0.333333 0.332226 0.331126 0.330033 0.328947 0.327869 0.326797 0.325733 0.324675 0.323625 0.322581 0.321543 0.320513 0.319489 0.318471 0.31746 0.316456 0.315457 0.314465 0.31348 0.3125 0.311526 0.310559 0.309598 0.308642 0.307692 0.306748 0.30581 0.304878 0.303951 0.30303 0.302115 0.301205 0.3003 0.299401 0.298507 0.297619 0.296736 0.295858 0.294985 0.294118 0.293255 0.292398 0.291545 0.290698 0.289855 0.289017 0.288184 0.287356 0.286533 0.285714 0.2849 0.284091 0.283286 0.282486 0.28169 0.280899 0.280112 0.27933 0.278552 0.277778 0.277008 0.276243 0.275482 0.274725 0.273973 0.273224 0.27248 0.271739 0.271003 0.27027 0.269542 0.268817 0.268097 0.26738 0.266667 0.265957 0.265252 0.26455 0.263852 0.263158 0.262467 0.26178 0.261097 0.260417 0.25974 0.259067 0.258398 0.257732 0.257069 0.25641 0.255754 0.255102 0.254453 0.253807 0.253165 0.252525 0.251889 0.251256 0.250627 0.25 0.249377 0.248756 0.248139 0.247525 0.246914 0.246305 0.2457 0.245098 0.244499 0.243902 0.243309 0.242718 0.242131 0.241546 0.240964 0.240385 0.239808 0.239234 0.238663 0.238095 0.23753 0.236967 0.236407 0.235849 0.235294 0.234742 0.234192 0.233645 0.2331 0.232558 0.232019 0.231481 0.230947 0.230415 0.229885 0.229358 0.228833 0.228311 0.22779 0.227273 0.226757 0.226244 0.225734 0.225225 0.224719 0.224215 0.223714 0.223214 0.222717 0.222222 0.221729 0.221239 0.220751 0.220264 0.21978 0.219298 0.218818 0.218341 0.217865 0.217391 0.21692 0.21645 0.215983 0.215517 0.215054 0.214592 0.214133 0.213675 0.21322 0.212766 0.212314 0.211864 0.211416 0.21097 0.210526 0.210084 0.209644 0.209205 0.208768 0.208333 0.2079 0.207469 0.207039 0.206612 0.206186 0.205761 0.205339 0.204918 0.204499 0.204082 0.203666 0.203252 0.20284 0.202429 0.20202 0.201613 0.201207 0.200803 0.200401 0.2 
====Chi====
-nan 0 0 0 0 0 0 0 0 0 0 0 0 0 0 0 0 0 0 0 0 0 0 0 0 0 0 0 0 0 0 0 0 0 0 0 0 0 0 0 0 0 0 0 0 0 5.18175e-07 5.0715e-07 4.96584e-07 9.72662e-07 1.42946e-06 0 9.16547e-07 1.34855e-06 1.76434e-06 2.1648e-06 5.51715e-06 7.08775e-06 5.73526e-06 8.85822e-06 1.659e-05 2.48125e-05 2.2799e-05 2.91633e-05 3.38521e-05 4.10237e-05 4.48297e-05 6.3537e-05 5.778e-05 8.53469e-05 0.000106846 9.89743e-05 0.000107377 0.000122715 0.000137792 0.000164422 0.000155357 0.000164171 0.000215358 0.000221045 0.000258064 0.000285384 0.000309058 0.000354226 0.00038537 0.000449497 0.000430877 0.000486805 0.000538707 0.000558327 0.000693893 0.000736541 0.000828989 0.000852254 0.000953999 0.000985923 0.0011103 0.00128595 0.0013089 0.00142892 0.00154439 0.00163703 0.00182284 0.0019747 0.0020431 0.00229148 0.00227296 0.00257546 0.0027768 0.00296545 0.00334111 0.00349973 0.00359299 0.00372054 0.00407197 0.0041956 0.00455341 0.00490286 0.00541619 0.0053458 0.00585465 0.00619724 0.00677458 0.00675036 0.00752655 0.00767528 0.00800065 0.00844522 0.00905531 0.0097784 0.00994689 0.0103187 0.0115673 0.0117763 0.0122966 0.0126289 0.014098 0.0144537 0.0154479 0.0164931 0.0171893 0.0174816 0.0173391 0.0193808 0.0192795 0.0206836 0.0215487 0.0234463 0.0241354 0.0250541 0.0265029 0.0281049 0.0304302 0.030576 0.0320784 0.033994 0.0351137 0.0366466 0.036522 0.039705 0.0417981 0.0425912 0.0480909 0.0472794 0.0465424 0.0528662 0.0541303 0.0562966 0.0605588 0.0655405 0.066945 0.0684716 0.0727945 0.0746392 0.0790427 0.0829212 0.0876681 0.0919416 0.0928397 0.0995539 0.104728 0.11457 0.109096 0.115852 0.126462 0.138302 0.141492 0.151482 0.158976 0.16346 0.173526 0.183619 0.195392 0.208145 0.221502 0.226254 0.230647 0.257099 0.269056 0.287745 0.293309 0.307446 0.338833 0.370651 0.384181 0.399365 0.427633 0.46053 0.47456 0.489274 0.533559 0.571576 0.594311 0.630859 0.664886 0.694261 0.751922 0.830135 0.868418 0.947985 1.00154 1.04175 1.09745 1.21415 1.32195 1.39369 1.47425 1.5939 1.70077 1.81075 1.89889 2.07582 2.23964 2.45757 2.58779 2.7484 2.91022 3.0608 3.294 3.56311 3.77704 4.00893 4.27935 4.48327 4.71357 4.88813 5.16889 5.35198 5.54035 6.07535 6.31536 6.53604 6.66271 6.89045 7.16221 7.28729 7.55855 7.70385 7.87438 7.91137 8.16664 8.32461 8.54212 8.64268 8.4759 8.66277 8.70932 8.59009 8.54631 8.46583 8.33879 8.23003 8.09957 8.04784 7.8317 7.51793 7.26099 7.22348 7.10416 6.77791 6.73991 6.52693 6.44997 6.33936 6.10326 5.92614 5.7403 5.70559 5.50943 5.37372 5.29591 5.12141 5.02225 4.74045 4.5861 4.42036 4.24487 4.19909 4.15683 4.01586 3.95156 3.9057 3.66745 3.58953 3.62722 3.49321 3.45228 3.35689 3.41984 3.39046 3.3716 3.23333 3.191 3.05309 3.06401 2.93261 2.91053 2.83286 2.80683 2.79996 2.76092 2.62682 2.5805 2.53305 2.54958 2.52998 2.47012 2.43237 2.40917 2.29114 2.10965 2.17102 2.18419 2.16999 2.17434 2.12846 2.03185 2.06167 2.07996 2.0574 2.04069 2.06756 1.97288 2.01135 1.92345 1.92112 1.85917 1.84269 1.84819 1.75508 1.71256 1.73078 1.79249 1.74334 1.68538 1.60217 1.61756 1.61757 1.64221 1.53657 1.55388 1.52484 1.50317 1.51747 1.5191 1.5156 1.45608 1.45441 1.454 1.40809 1.3877 1.36295 1.34781 1.41923 1.36662 1.31027 1.31362 1.27113 1.3244 1.29186 1.27781 1.25224 1.24441 1.22051 1.21116 1.19496 1.20862 1.22632 1.1476 1.19949 1.1994 1.18041 1.18625 1.12992 1.11354 1.06047 1.08838 1.12348 1.09898 1.08163 1.06237 1.07994 1.04418 1.01471 1.03129 1.02347 0.992632 1.03898 1.03229 1.05141 1.01773 1.0042 0.95503 0.96358 0.972786 0.959479 0.943611 0.95354 0.969742 0.934237 0.925222 0.913266 0.9142 0.9021 0.904885 0.895446 0.913086 0.908122 0.874723 0.86211 0.868663 0.842742 0.85128 0.837964 0.828618 0.840939 0.830947 0.809936 0.78898 0.819128 0.821281 0.789874 0.810449 0.769838 0.750027 0.768731 0.753751 0.766308 0.752253 0.73851 0.757865 0.747905 0.758839 0.742626 0.720944 0.741302 0.734601 0.724787 0.698397 0.711472 0.723225 0.694185 0.698797 0.68021 0.707011 0.678723 0.661123 0.698139 0.678143 0.64839 0.668576 0.680741 0.636779 0.625668 0.67737 0.647081 0.655176 0.635682 0.63489 0.631298 0.626082 0.603725 0.614187 0.617321 0.622046 0.611693 0.630938 0.638078 0.613086 0.575606 0.602313 0.583122 0.587149 0.598363 0.576732 0.579882 0.60628 0.587989 0.58908 0.570833 0.575324 
====Cv====
-nan 0 0 0 0 0 0 0 0 0 0 0 0 0 0 0 0 0 0 0 0 0 0 0 0 0 0 0 0 0 0 0 0 0 0 0 0 0 0 0 0 0 0 0 0 0 1.80235e-05 1.72647e-05 1.65528e-05 3.17604e-05 4.57428e-05 0 2.82014e-05 4.0711e-05 5.22767e-05 6.29759e-05 0.000157633 0.00017845 0.000158214 0.000201961 0.00035265 0.000495255 0.000536649 0.000623908 0.000670841 0.000855886 0.000950906 0.00119978 0.0012039 0.00159188 0.00197592 0.00195569 0.00202486 0.00233312 0.00269196 0.00301753 0.0028841 0.0031937 0.00413157 0.00414222 0.00493136 0.00536937 0.00580568 0.00660488 0.00706553 0.00818384 0.00779729 0.00863714 0.00937676 0.00967633 0.0117713 0.0124504 0.0136533 0.013944 0.0155167 0.0157755 0.0174446 0.0196039 0.0198787 0.0213384 0.0230366 0.0243989 0.0264412 0.0284651 0.0289489 0.0318859 0.0313097 0.0348314 0.0372897 0.038996 0.0436653 0.0453295 0.0462301 0.0472001 0.0502782 0.0513451 0.0550918 0.0584986 0.0644398 0.061886 0.0672437 0.069778 0.0748812 0.0741487 0.0808179 0.0817391 0.0842534 0.0878785 0.0940441 0.0987794 0.0996889 0.101664 0.111588 0.112672 0.114225 0.117591 0.127258 0.129968 0.13572 0.14456 0.147864 0.150274 0.145885 0.157732 0.153138 0.163563 0.166485 0.179706 0.181169 0.18619 0.19357 0.201959 0.211571 0.213755 0.220739 0.232835 0.233965 0.24004 0.237664 0.253604 0.257128 0.257911 0.28114 0.279512 0.269781 0.297493 0.298172 0.312307 0.317704 0.341803 0.332463 0.336784 0.352231 0.350459 0.363816 0.378994 0.386848 0.400862 0.39946 0.409258 0.42461 0.456257 0.422772 0.436048 0.46007 0.494267 0.498851 0.512413 0.527237 0.519905 0.53327 0.555553 0.575998 0.573559 0.598491 0.603494 0.605015 0.651276 0.637949 0.675772 0.673705 0.687594 0.714155 0.746873 0.753027 0.763087 0.774088 0.80021 0.813007 0.805009 0.833732 0.867218 0.86767 0.895998 0.91914 0.904144 0.924233 0.995355 0.979083 1.03534 1.0326 1.0419 1.02166 1.10358 1.11867 1.11857 1.14187 1.14081 1.17517 1.18063 1.16482 1.22056 1.27529 1.26834 1.26147 1.29628 1.29532 1.2867 1.30876 1.33865 1.3497 1.3108 1.34594 1.31843 1.30609 1.26595 1.25977 1.20854 1.22178 1.23842 1.21018 1.20425 1.17184 1.14121 1.08487 1.05187 1.06495 0.996629 0.985558 0.966312 0.918814 0.886023 0.862202 0.808311 0.799766 0.789665 0.752531 0.753943 0.73346 0.705795 0.680346 0.63467 0.647048 0.601009 0.606403 0.580278 0.552783 0.540824 0.556813 0.534709 0.528208 0.527465 0.516383 0.501474 0.501263 0.485332 0.503314 0.482492 0.470079 0.470864 0.475862 0.444141 0.444932 0.450222 0.459137 0.434965 0.435079 0.417953 0.417528 0.413537 0.402651 0.387493 0.386019 0.394297 0.394238 0.386952 0.368328 0.38451 0.355474 0.374124 0.364426 0.363727 0.344278 0.351576 0.352924 0.334449 0.346057 0.328453 0.322347 0.325296 0.320731 0.322241 0.326025 0.312004 0.303797 0.321808 0.306317 0.310329 0.303272 0.291767 0.288073 0.28979 0.287486 0.290067 0.279106 0.272451 0.274446 0.276268 0.265974 0.278008 0.273987 0.267415 0.264063 0.269489 0.268067 0.253016 0.271005 0.267764 0.247111 0.249074 0.251317 0.242428 0.240333 0.242415 0.247848 0.241509 0.240367 0.238126 0.237063 0.227768 0.226648 0.226816 0.22317 0.225442 0.224058 0.218572 0.222475 0.21983 0.228083 0.214164 0.216073 0.203265 0.210321 0.211487 0.212257 0.204336 0.214207 0.197372 0.204134 0.192497 0.193216 0.191322 0.191763 0.193144 0.195406 0.183209 0.188217 0.189974 0.184857 0.183237 0.186517 0.185306 0.179558 0.18093 0.173337 0.18185 0.180492 0.174183 0.169592 0.169358 0.172206 0.16741 0.166272 0.161215 0.165877 0.164301 0.173059 0.169003 0.163996 0.159184 0.158055 0.162102 0.157153 0.152636 0.155214 0.155664 0.160318 0.152202 0.15558 0.15283 0.145451 0.147062 0.153795 0.153008 0.146918 0.150055 0.143392 0.143404 0.143852 0.139803 0.146094 0.135602 0.142113 0.139983 0.144728 0.13375 0.132911 0.138912 0.133719 0.13594 0.135651 0.133757 0.129687 0.133319 0.132331 0.128727 0.132785 0.12811 0.129917 0.130874 0.126876 0.125924 0.127227 0.124917 0.121574 0.126823 0.122086 0.123474 0.12248 0.11377 0.119962 0.115692 0.119726 0.118531 0.116388 0.116172 0.118254 0.114717 0.111614 0.113311 0.112969 0.114142 0.111742 0.113827 0.117693 0.116218 0.110133 0.112106 0.110625 0.103438 0.10526 0.105959 0.105285 0.110332 0.10445 0.10238 0.104858 0.105186 0.107608 0.103872 0.102471 0.103679 0.102348 0.103072 0.099049 0.0998421 0.0985152 0.0997297 0.0964864 0.0937581 0.0985823 
