Size of the state?
64
0: ordered; others: disordered.
1
Temperature begin/end/step?
0 5 0.01
Thermalization steps? (10000+)
10000
Number of the workers?
1024
Done, time elapsed: 27s.
====Mavg====
-0.0326691 -0.0442028 -0.0543685 -0.0632286 -0.07093 -0.0768251 -0.0832553 -0.0891967 -0.0950208 -0.100786 -0.105989 -0.110565 -0.115497 -0.119737 -0.12451 -0.128949 -0.132785 -0.13692 -0.140438 -0.143893 -0.147282 -0.150937 -0.154544 -0.158121 -0.161235 -0.164514 -0.168057 -0.171083 -0.174203 -0.177482 -0.180554 -0.184205 -0.187233 -0.190138 -0.192818 -0.195448 -0.198193 -0.201003 -0.203706 -0.206378 -0.208999 -0.211549 -0.214157 -0.216891 -0.219644 -0.221638 -0.223775 -0.226119 -0.228621 -0.230889 -0.232769 -0.235071 -0.237513 -0.239955 -0.242251 -0.244473 -0.246765 -0.24906 -0.250969 -0.252917 -0.254985 -0.257218 -0.259093 -0.260927 -0.263083 -0.265052 -0.266999 -0.268714 -0.270396 -0.271805 -0.273396 -0.275053 -0.27659 -0.278515 -0.280182 -0.281817 -0.283482 -0.285076 -0.286905 -0.288391 -0.289526 -0.290738 -0.292253 -0.293761 -0.295183 -0.296555 -0.298 -0.299434 -0.3008 -0.30239 -0.304277 -0.305756 -0.307307 -0.308766 -0.310212 -0.311273 -0.312251 -0.313179 -0.314461 -0.315823 -0.317243 -0.318331 -0.319133 -0.32035 -0.321579 -0.322931 -0.324253 -0.325207 -0.326585 -0.327513 -0.328388 -0.329573 -0.33055 -0.331589 -0.332481 -0.333878 -0.33489 -0.33588 -0.336625 -0.337595 -0.338685 -0.339674 -0.34067 -0.34138 -0.342453 -0.342987 -0.343925 -0.344177 -0.344707 -0.345385 -0.345989 -0.346918 -0.34793 -0.348735 -0.349449 -0.350132 -0.35096 -0.351756 -0.352304 -0.352506 -0.353269 -0.353848 -0.354099 -0.35445 -0.354788 -0.354703 -0.354679 -0.355272 -0.355765 -0.355655 -0.356011 -0.356308 -0.356718 -0.357134 -0.357993 -0.358222 -0.358402 -0.358139 -0.358784 -0.358925 -0.358993 -0.359686 -0.359551 -0.359926 -0.359963 -0.360522 -0.361189 -0.361414 -0.361184 -0.361397 -0.361441 -0.361205 -0.361537 -0.361854 -0.361369 -0.361609 -0.361539 -0.361574 -0.361486 -0.361253 -0.361722 -0.361503 -0.361146 -0.361125 -0.360761 -0.360322 -0.360428 -0.35962 -0.358696 -0.358255 -0.358499 -0.358377 -0.357442 -0.356793 -0.356904 -0.356175 -0.355184 -0.354404 -0.353212 -0.352039 -0.351364 -0.351403 -0.350285 -0.349085 -0.348433 -0.347627 -0.346162 -0.345685 -0.344927 -0.343525 -0.342418 -0.340763 -0.340002 -0.339489 -0.337675 -0.33651 -0.334184 -0.332179 -0.329768 -0.32781 -0.326008 -0.322516 -0.320884 -0.318301 -0.31572 -0.313293 -0.310491 -0.307692 -0.304403 -0.301322 -0.298723 -0.296353 -0.291276 -0.288559 -0.284107 -0.281339 -0.27719 -0.27283 -0.268517 -0.264172 -0.259467 -0.255134 -0.250419 -0.245319 -0.240044 -0.233323 -0.227051 -0.222354 -0.21666 -0.211189 -0.204328 -0.198422 -0.192621 -0.185924 -0.177895 -0.171105 -0.163485 -0.156838 -0.149273 -0.141882 -0.136271 -0.129689 -0.122656 -0.115814 -0.108655 -0.10093 -0.0940647 -0.0871553 -0.0814729 -0.0757303 -0.0693612 -0.0646415 -0.0586681 -0.0540018 -0.0504808 -0.0473909 -0.044085 -0.0400496 -0.0366049 -0.0316582 -0.0275397 -0.0229964 -0.0212541 -0.0215678 -0.0193005 -0.0166783 -0.0127506 -0.0116215 -0.00912714 -0.0063405 -0.00660992 -0.00506353 -0.00479364 -0.00540161 -0.00443983 -0.00359917 -0.00410557 -0.00511694 -0.00353861 7.58171e-05 0.00106192 0.00232697 0.00243282 0.00152397 0.00204897 0.00256014 0.00320435 0.00343037 0.00167513 -0.000142574 -0.000464439 0.000836372 -0.00154495 0.000583649 0.000762939 0.00028038 0.00028944 0.000219822 0.000272751 -0.000325203 -3.24249e-05 -0.00143671 -0.00201035 -0.00140285 -0.00281811 -0.00155306 -0.00221968 -0.000236511 -0.000364304 -0.001122 -0.000852585 -0.0014925 -0.00168037 -0.00137806 -0.000213146 -8.29697e-05 0.000133038 0.000274658 0.00154781 0.000627518 -0.000567436 0.000465393 0.000792503 0.00160122 0.00223732 0.000685215 -0.000139236 0.000760078 0.000927925 0.000135899 -0.000256062 -0.00124931 -0.00140142 -0.0002141 -0.000840187 -0.000657082 0.00015831 0.00136185 0.00139713 0.00190926 -1.81198e-05 -0.00157499 -0.000839233 -0.000118732 0.000586987 0.00140715 0.000543118 -0.00133371 0.000688553 -0.000172615 0.000200272 0.000732899 3.67165e-05 0.00117207 0.000516891 1.00136e-05 0.00074625 0.00237608 0.00116205 0.0010848 -0.000875473 0.00014019 0.000207424 0.000239372 -0.000687122 -0.00149775 -0.000966549 -0.000499249 -0.000536919 -0.00224972 -0.00189734 -0.000772953 -0.00144768 0.000222206 0.000675678 -5.43594e-05 -0.000614643 -0.00233841 -0.00134706 -0.00178623 -0.00100088 -0.000772953 -0.000669956 -0.000500202 0.000515461 0.00180817 0.00124454 0.000100613 0.0013299 0.000950813 0.0008955 0.000673771 0.00138903 -0.000496864 0.0004282 0.0010438 0.000742912 -0.00111961 -0.00112295 3.67165e-05 0.00129223 8.34465e-05 -0.000812054 -0.000444412 -0.000202179 -0.0012064 -0.000242233 -0.00114393 -0.00039196 -0.00150108 -0.000379562 -0.000854492 -0.00043726 -0.000195026 -0.000285625 0.000212193 -6.67572e-06 -0.000668049 -0.000236034 0.000776768 -1.00136e-05 0.00107145 0.00124264 0.00131798 -8.86917e-05 -0.000367165 0.000208855 0.000501633 -9.91821e-05 1.00136e-05 -0.00011158 -0.000963688 -0.000384808 0.0011673 5.19753e-05 0.000174522 0.0016098 0.00105906 0.000548363 0.00139952 0.000514984 0.00118351 0.000607014 -0.000646591 -0.00128508 0.000388622 0.00135517 0.000924587 0.000756264 -6.58035e-05 0.00105619 0.00182104 0.00095892 -0.000156403 0.00106955 0.00147152 0.000440598 0.000376701 0.0018034 0.00151062 0.00181437 0.00039196 0.000356674 0.0010972 -0.000620842 -0.000721931 -0.000238895 0.000116348 0.000977039 0.00167084 0.000957489 -0.00118876 0.00105572 0.000348568 0.0006423 -0.00094223 -0.00044775 0.000126362 0.00103474 -0.000831604 -0.00140047 
====M2avg====
0.00305647 0.00647487 0.00986177 0.0134498 0.0168247 0.0199696 0.0233408 0.0268947 0.0304594 0.0341188 0.0378459 0.0414009 0.0452465 0.0487964 0.0527946 0.0566057 0.0602465 0.0641326 0.0679385 0.0714801 0.0751524 0.0789194 0.0827593 0.0865015 0.0898693 0.0934284 0.0972902 0.101127 0.104969 0.108931 0.112493 0.116212 0.119766 0.123456 0.127066 0.130582 0.134192 0.13797 0.141772 0.145251 0.149089 0.152838 0.156504 0.160047 0.163957 0.167629 0.17093 0.174768 0.178675 0.182446 0.185871 0.189527 0.193136 0.1971 0.200759 0.204479 0.208236 0.212009 0.215493 0.218946 0.22265 0.226542 0.230196 0.233851 0.237306 0.240829 0.244575 0.247994 0.251432 0.254912 0.258297 0.261756 0.264909 0.268566 0.271837 0.275491 0.278811 0.282242 0.285583 0.288681 0.291688 0.294802 0.297966 0.301256 0.304495 0.30762 0.311018 0.314136 0.317189 0.32022 0.323551 0.32666 0.329976 0.332954 0.335946 0.338748 0.341445 0.344202 0.347389 0.350113 0.353075 0.355957 0.358711 0.361709 0.364581 0.367451 0.370318 0.373201 0.375767 0.378383 0.381004 0.38334 0.386023 0.388493 0.390928 0.393834 0.396188 0.39846 0.401049 0.403285 0.405889 0.408204 0.410814 0.412964 0.41497 0.416847 0.419389 0.421287 0.423583 0.425785 0.427784 0.430035 0.432463 0.434423 0.436174 0.437831 0.439813 0.441807 0.443397 0.444999 0.446769 0.448009 0.449513 0.451013 0.452742 0.454142 0.455162 0.456649 0.457756 0.458896 0.460414 0.461536 0.462699 0.464246 0.466245 0.467071 0.46847 0.468784 0.470076 0.471218 0.472469 0.473369 0.4747 0.475847 0.476483 0.477019 0.478088 0.478766 0.479422 0.480537 0.480707 0.480737 0.481452 0.482161 0.4823 0.482941 0.483202 0.483527 0.483003 0.482738 0.483174 0.483251 0.482915 0.482463 0.482431 0.481668 0.481451 0.48082 0.480168 0.479578 0.478692 0.478504 0.476967 0.475353 0.474719 0.472998 0.471313 0.469579 0.467234 0.465148 0.463798 0.462561 0.460206 0.458505 0.456241 0.453699 0.451458 0.448849 0.445835 0.442946 0.439903 0.436466 0.433852 0.430609 0.427046 0.423617 0.419348 0.414785 0.410412 0.405752 0.400058 0.394596 0.389232 0.384622 0.378146 0.373612 0.367845 0.3607 0.354533 0.348546 0.341477 0.33527 0.325617 0.319019 0.310288 0.303031 0.294257 0.284903 0.275548 0.266786 0.25693 0.24717 0.238106 0.227574 0.216454 0.206851 0.196431 0.187416 0.178983 0.170511 0.160232 0.151073 0.14185 0.132658 0.122802 0.114696 0.105476 0.096745 0.0884729 0.081386 0.0750514 0.0679119 0.0616721 0.0554863 0.0497213 0.0447362 0.0391838 0.0348506 0.0309622 0.0270853 0.0238516 0.0205743 0.0183595 0.016228 0.014538 0.0129743 0.0119386 0.010761 0.00956034 0.0087021 0.00786313 0.00686537 0.00639096 0.00583466 0.00573552 0.00508873 0.004647 0.00432211 0.00414617 0.00388466 0.00366069 0.00354776 0.0033322 0.0032538 0.003314 0.00324013 0.0030599 0.00305164 0.00301129 0.00282076 0.00295044 0.00291925 0.00289147 0.00279654 0.00274924 0.00271071 0.00264959 0.00278145 0.0026296 0.00263605 0.00252342 0.00246832 0.0023994 0.00220522 0.00203292 0.00215804 0.00223879 0.00221132 0.0022405 0.00207028 0.00203668 0.00206133 0.00205284 0.0020013 0.00199647 0.00195177 0.00185685 0.00186618 0.0018783 0.00182392 0.00169443 0.00165773 0.00172304 0.00174405 0.0016851 0.00167928 0.00171857 0.00168732 0.00176742 0.00165817 0.00167404 0.00155342 0.00150474 0.00157032 0.00154091 0.00152173 0.0016421 0.00150356 0.00157703 0.00152691 0.00153123 0.00161412 0.00152721 0.0014534 0.00142297 0.00139784 0.00135044 0.00139303 0.00135319 0.00134315 0.00135259 0.00134234 0.00130819 0.00133095 0.0012225 0.00135055 0.00133666 0.00128372 0.00132338 0.00117944 0.00122366 0.00120862 0.00120586 0.0012442 0.00122426 0.00125703 0.00125056 0.00124674 0.00116463 0.00126125 0.00121849 0.00122675 0.00113774 0.00107549 0.00116025 0.00119988 0.00110225 0.00112286 0.00116242 0.00113177 0.00108303 0.00101976 0.00110094 0.00108115 0.00100513 0.00102486 0.000963651 0.00099994 0.0010538 0.00105528 0.00101258 0.00103097 0.00106004 0.00100846 0.00105695 0.000993519 0.00100289 0.000964745 0.00101494 0.00102339 0.00101994 0.00100899 0.00103968 0.00104516 0.000890895 0.000939037 0.000990422 0.000988784 0.00101604 0.00102481 0.000955991 0.000927772 0.000961975 0.000967799 0.000925939 0.000913462 0.000918176 0.00087432 0.000981213 0.000934161 0.000949972 0.000950145 0.000959435 0.000957933 0.000956336 0.000856201 0.000856809 0.000928047 0.000928838 0.00086172 0.000941615 0.000833521 0.000856723 0.000877098 0.000887523 0.000757786 0.000747449 0.000820352 0.000799825 0.000840831 0.000850012 0.000808624 0.000845248 0.000799673 0.000805786 0.000837178 0.000850467 0.000762922 0.00082367 0.000825461 0.000772337 0.000770099 0.000787218 0.000766329 0.000812855 0.000719132 0.00084577 0.000786268 0.000794575 0.000794074 0.000758005 0.000818873 0.000791287 0.000737097 0.000779658 0.000741984 0.000804912 0.000679119 0.000769718 0.000727993 0.000747837 0.000758668 0.000705469 0.000813096 0.000767868 0.000730339 0.000710019 0.000757207 0.000739177 0.000773524 0.000692195 0.000690066 0.000715316 0.00067243 0.000660137 0.000688198 0.000665297 0.000704978 0.000773415 0.000677 0.000665299 
====Eavg====
-4833.01 -5969.39 -6436.23 -6689.26 -6856.25 -6976.19 -7066.81 -7140.39 -7202.12 -7253.36 -7297.54 -7335.93 -7369.91 -7399.85 -7426.93 -7451.59 -7474.5 -7495.55 -7515.2 -7533.05 -7549.51 -7565.23 -7579.12 -7592.35 -7604.73 -7616.41 -7627.77 -7637.98 -7648.23 -7657.8 -7666.64 -7675.1 -7683.52 -7691.55 -7699.07 -7705.99 -7713.03 -7719.71 -7726.25 -7732.45 -7738.53 -7744.11 -7749.8 -7755.03 -7760.18 -7765.23 -7769.86 -7774.44 -7778.98 -7783.39 -7787.55 -7791.81 -7795.65 -7799.28 -7803.09 -7806.79 -7810.34 -7813.55 -7816.76 -7820.27 -7823.09 -7826.55 -7829.48 -7832.54 -7835.3 -7838.26 -7841.31 -7843.91 -7846.18 -7848.77 -7851.38 -7853.66 -7856.08 -7858.03 -7860.23 -7862.76 -7864.64 -7866.71 -7868.5 -7870.62 -7871.64 -7873.1 -7874.84 -7876.16 -7877.91 -7879.03 -7880.74 -7881.66 -7882.74 -7883.31 -7884.28 -7885.37 -7886.7 -7887.38 -7887.55 -7888.22 -7889.18 -7889.43 -7889.52 -7889.22 -7890.45 -7889.36 -7890.05 -7889.95 -7889.39 -7889.31 -7888.79 -7888.73 -7887.93 -7886.63 -7886.34 -7885.29 -7883.77 -7883.46 -7881.2 -7880.12 -7879.33 -7877.91 -7875.66 -7872.63 -7871.05 -7868.39 -7867.84 -7864.62 -7862.52 -7858.99 -7855.46 -7851.85 -7849.39 -7846.45 -7843.05 -7838.02 -7837.34 -7833.32 -7827.95 -7822.87 -7818.8 -7814.91 -7808.87 -7805.11 -7797.27 -7793.31 -7787.41 -7781.23 -7777.4 -7768.66 -7761 -7756.6 -7747.12 -7739.55 -7732.89 -7724.85 -7713.58 -7708.05 -7701.37 -7692.94 -7684.8 -7671.27 -7664.4 -7653.2 -7646 -7632.59 -7622.72 -7612.63 -7601.29 -7588.27 -7576.66 -7562.88 -7553.85 -7540.51 -7527.75 -7510.57 -7501.64 -7486.3 -7470.29 -7458.14 -7441.52 -7426.9 -7409.45 -7391.46 -7374.5 -7361.95 -7343.17 -7322.64 -7305.79 -7283.47 -7268.32 -7245.64 -7225.91 -7205.51 -7183.98 -7167.91 -7143.22 -7116.64 -7095.64 -7071.28 -7049.16 -7021.74 -6997 -6966.94 -6941.26 -6920.45 -6887.88 -6865.76 -6831.04 -6801.71 -6774.14 -6743.35 -6712.57 -6676.84 -6643.88 -6615.52 -6582.75 -6552.6 -6517.67 -6485.46 -6445.04 -6408.84 -6369.02 -6331.56 -6287.19 -6242.77 -6202.84 -6157.93 -6114.05 -6075.64 -6034.65 -5987.45 -5942.44 -5899.43 -5852.3 -5802.59 -5752.19 -5707.07 -5661.15 -5611.72 -5563.67 -5512.14 -5459.86 -5407.07 -5357.08 -5300.77 -5254.42 -5195.61 -5141.73 -5087.99 -5039.05 -4990.84 -4938.91 -4895.65 -4838.48 -4790.41 -4742.27 -4691.32 -4643.15 -4597.18 -4545.62 -4504.96 -4460.83 -4420.82 -4370.28 -4334.26 -4295.61 -4260.27 -4215.59 -4178.57 -4135.84 -4101.3 -4080.73 -4045.45 -4011.35 -3974.04 -3953.9 -3917.18 -3891.04 -3871.48 -3844.42 -3826.75 -3801.32 -3775.01 -3748.9 -3722.84 -3699.07 -3678.74 -3660.24 -3640.79 -3619.33 -3599.25 -3575.28 -3551.7 -3531.99 -3509.39 -3497.12 -3488.27 -3460.71 -3440.83 -3424.42 -3410.71 -3388.63 -3372.39 -3351.21 -3334.24 -3326.37 -3308.25 -3290.61 -3275.2 -3255.25 -3238.23 -3223.46 -3215.97 -3195.52 -3180.82 -3169.12 -3155.25 -3135.31 -3123.55 -3116.65 -3093.86 -3083.87 -3071.62 -3057.37 -3046.8 -3026.15 -3017.06 -3003.73 -2994.53 -2980.73 -2973.3 -2951.81 -2940.82 -2930.62 -2917.83 -2908.24 -2891.91 -2879.74 -2868.68 -2863.48 -2848.89 -2836.75 -2822.81 -2815.21 -2797.07 -2801.83 -2780.6 -2771.16 -2760.9 -2752.18 -2741.01 -2726.39 -2717.64 -2708.85 -2689.71 -2686 -2676.2 -2664.13 -2659.74 -2647.27 -2636.92 -2633.8 -2614.57 -2609.63 -2597.43 -2588.69 -2582.98 -2571.98 -2562.05 -2548.44 -2547.28 -2534.91 -2522.42 -2519.35 -2513.68 -2503.21 -2486.71 -2487.46 -2474.87 -2469.88 -2457.64 -2442.41 -2443.27 -2438.98 -2429.95 -2417.18 -2407.13 -2395.24 -2396.98 -2387.75 -2382.57 -2369.38 -2369.49 -2361.06 -2349.77 -2343.08 -2334.03 -2327.27 -2321.07 -2311.59 -2305.39 -2301.86 -2289.97 -2283.88 -2271.08 -2271.06 -2260.11 -2251.18 -2246.05 -2241.08 -2234.14 -2230.51 -2226.65 -2209.34 -2209.16 -2196.43 -2201.19 -2194.65 -2182.19 -2180.85 -2163.14 -2164.06 -2160.55 -2148.61 -2154.54 -2142.36 -2127.48 -2127.64 -2121.89 -2116.96 -2110.84 -2106.5 -2101.38 -2094.98 -2084.38 -2078.41 -2070.69 -2074.1 -2064 -2058.96 -2052.96 -2040.16 -2036.78 -2032.3 -2030.21 -2024.73 -2019.49 -2009 -2007.93 -2005.39 -2000.07 -1989.47 -1983.83 -1984.93 -1973.89 -1974.81 -1965.06 -1963.6 -1953.63 -1950.48 -1947.45 -1940.19 -1936.61 -1929.93 -1926.05 -1922.77 -1913.34 -1914.59 -1909.08 -1901.61 -1898.74 -1893.3 -1887.04 -1880.08 -1883.65 -1874.21 -1868.99 -1863.27 -1861.86 -1855.45 -1845.86 -1842.3 -1843.23 -1835.64 -1837.18 -1833.34 -1830.54 -1822.21 -1816.53 -1814.39 -1806.73 -1801.7 -1797.51 -1793.1 -1789.1 -1785.05 -1784.61 -1780.3 -1781.32 -1769.96 -1765.77 -1763.19 -1757.5 -1752.13 
====E2avg====
2.33653e+07 3.56408e+07 4.1432e+07 4.4753e+07 4.70149e+07 4.8674e+07 4.99464e+07 5.09918e+07 5.18772e+07 5.2618e+07 5.32608e+07 5.38226e+07 5.43222e+07 5.47644e+07 5.51661e+07 5.55331e+07 5.58753e+07 5.61904e+07 5.64855e+07 5.67544e+07 5.70026e+07 5.72404e+07 5.74508e+07 5.76516e+07 5.78398e+07 5.80176e+07 5.81908e+07 5.83468e+07 5.85034e+07 5.865e+07 5.87855e+07 5.89154e+07 5.90449e+07 5.91684e+07 5.92841e+07 5.93907e+07 5.94993e+07 5.96025e+07 5.97035e+07 5.97996e+07 5.98937e+07 5.99802e+07 6.00684e+07 6.01495e+07 6.02295e+07 6.0308e+07 6.03798e+07 6.04511e+07 6.05219e+07 6.05907e+07 6.06555e+07 6.07219e+07 6.07819e+07 6.08385e+07 6.08981e+07 6.0956e+07 6.10115e+07 6.10617e+07 6.11121e+07 6.1167e+07 6.12112e+07 6.12657e+07 6.13116e+07 6.13597e+07 6.14031e+07 6.14496e+07 6.14978e+07 6.15386e+07 6.15744e+07 6.16153e+07 6.16563e+07 6.16924e+07 6.17304e+07 6.17612e+07 6.17959e+07 6.18359e+07 6.18657e+07 6.18985e+07 6.19269e+07 6.19604e+07 6.19765e+07 6.19997e+07 6.20272e+07 6.20483e+07 6.20759e+07 6.20937e+07 6.21208e+07 6.21356e+07 6.21526e+07 6.21618e+07 6.21774e+07 6.21947e+07 6.22158e+07 6.22267e+07 6.22297e+07 6.22404e+07 6.22556e+07 6.22599e+07 6.22615e+07 6.22569e+07 6.22766e+07 6.22599e+07 6.22708e+07 6.22693e+07 6.22609e+07 6.22596e+07 6.22514e+07 6.22508e+07 6.22385e+07 6.22184e+07 6.22138e+07 6.21975e+07 6.21736e+07 6.21689e+07 6.21337e+07 6.21168e+07 6.2105e+07 6.20826e+07 6.20474e+07 6.19998e+07 6.19754e+07 6.19337e+07 6.19252e+07 6.18748e+07 6.18423e+07 6.17869e+07 6.17316e+07 6.16748e+07 6.16366e+07 6.15908e+07 6.15382e+07 6.14593e+07 6.14489e+07 6.13867e+07 6.13026e+07 6.12228e+07 6.11594e+07 6.10993e+07 6.10055e+07 6.09466e+07 6.08247e+07 6.07633e+07 6.06721e+07 6.05757e+07 6.05155e+07 6.03801e+07 6.02622e+07 6.01948e+07 6.00481e+07 5.99303e+07 5.98279e+07 5.97038e+07 5.95296e+07 5.94449e+07 5.93433e+07 5.92125e+07 5.90878e+07 5.88802e+07 5.87747e+07 5.86031e+07 5.84941e+07 5.8289e+07 5.81405e+07 5.7987e+07 5.78143e+07 5.76154e+07 5.74407e+07 5.72322e+07 5.70952e+07 5.68954e+07 5.67031e+07 5.64451e+07 5.63117e+07 5.60829e+07 5.58426e+07 5.56615e+07 5.54138e+07 5.51971e+07 5.49399e+07 5.46742e+07 5.44237e+07 5.42373e+07 5.39614e+07 5.3663e+07 5.34165e+07 5.30915e+07 5.28702e+07 5.25412e+07 5.22569e+07 5.19621e+07 5.16538e+07 5.14213e+07 5.10698e+07 5.06899e+07 5.03925e+07 5.00473e+07 4.97354e+07 4.93495e+07 4.90024e+07 4.85838e+07 4.82269e+07 4.79405e+07 4.74907e+07 4.71878e+07 4.67115e+07 4.63117e+07 4.59363e+07 4.55207e+07 4.51054e+07 4.46294e+07 4.41887e+07 4.38117e+07 4.33822e+07 4.29877e+07 4.25316e+07 4.2113e+07 4.15922e+07 4.11273e+07 4.06174e+07 4.0141e+07 3.95801e+07 3.90232e+07 3.85267e+07 3.79724e+07 3.7433e+07 3.69662e+07 3.64685e+07 3.58973e+07 3.53641e+07 3.48537e+07 3.4301e+07 3.37192e+07 3.31384e+07 3.26229e+07 3.20968e+07 3.15404e+07 3.10019e+07 3.04293e+07 2.98596e+07 2.92854e+07 2.87437e+07 2.81422e+07 2.76525e+07 2.7037e+07 2.64786e+07 2.59254e+07 2.54273e+07 2.49459e+07 2.44311e+07 2.40025e+07 2.34445e+07 2.29802e+07 2.25214e+07 2.20395e+07 2.15898e+07 2.11641e+07 2.06922e+07 2.03231e+07 1.99263e+07 1.95693e+07 1.91215e+07 1.88103e+07 1.84767e+07 1.81737e+07 1.77923e+07 1.74817e+07 1.71266e+07 1.68424e+07 1.6675e+07 1.63873e+07 1.61104e+07 1.58115e+07 1.56522e+07 1.53615e+07 1.51578e+07 1.50051e+07 1.47975e+07 1.46629e+07 1.44668e+07 1.42681e+07 1.40718e+07 1.38769e+07 1.37001e+07 1.35509e+07 1.34132e+07 1.32713e+07 1.31148e+07 1.29701e+07 1.2799e+07 1.26317e+07 1.24909e+07 1.23314e+07 1.22468e+07 1.21846e+07 1.19921e+07 1.18547e+07 1.17421e+07 1.1648e+07 1.14989e+07 1.13878e+07 1.12444e+07 1.11318e+07 1.10805e+07 1.09592e+07 1.08412e+07 1.07417e+07 1.06115e+07 1.05007e+07 1.04044e+07 1.03571e+07 1.02261e+07 1.01322e+07 1.00582e+07 9.96961e+06 9.84444e+06 9.7699e+06 9.72771e+06 9.58574e+06 9.52312e+06 9.44932e+06 9.36084e+06 9.29631e+06 9.17115e+06 9.11642e+06 9.03611e+06 8.98032e+06 8.89818e+06 8.85574e+06 8.72693e+06 8.66092e+06 8.60222e+06 8.52609e+06 8.47095e+06 8.37606e+06 8.30561e+06 8.24184e+06 8.21277e+06 8.12823e+06 8.06039e+06 7.98089e+06 7.93887e+06 7.83667e+06 7.86308e+06 7.745e+06 7.69223e+06 7.63545e+06 7.58752e+06 7.52557e+06 7.44561e+06 7.39771e+06 7.35028e+06 7.24634e+06 7.22777e+06 7.1749e+06 7.11056e+06 7.08632e+06 7.02001e+06 6.96514e+06 6.94905e+06 6.84816e+06 6.8218e+06 6.75894e+06 6.71412e+06 6.68365e+06 6.6271e+06 6.57544e+06 6.50679e+06 6.50031e+06 6.43755e+06 6.37379e+06 6.35886e+06 6.33032e+06 6.27757e+06 6.19576e+06 6.2e+06 6.1367e+06 6.1123e+06 6.05145e+06 5.97706e+06 5.98142e+06 5.96064e+06 5.9164e+06 5.85386e+06 5.80676e+06 5.74958e+06 5.75826e+06 5.7133e+06 5.6877e+06 5.62515e+06 5.62551e+06 5.58653e+06 5.53339e+06 5.50079e+06 5.45914e+06 5.42727e+06 5.39878e+06 5.3556e+06 5.32564e+06 5.31123e+06 5.2549e+06 5.22656e+06 5.16984e+06 5.16916e+06 5.12021e+06 5.07922e+06 5.05542e+06 5.03312e+06 5.00305e+06 4.9862e+06 4.96894e+06 4.89213e+06 4.89285e+06 4.83423e+06 4.85639e+06 4.82738e+06 4.77287e+06 4.7673e+06 4.68938e+06 4.69429e+06 4.67987e+06 4.6276e+06 4.65239e+06 4.60062e+06 4.536e+06 4.53698e+06 4.51348e+06 4.4924e+06 4.46636e+06 4.44748e+06 4.42724e+06 4.39884e+06 4.35535e+06 4.33022e+06 4.2997e+06 4.31214e+06 4.27056e+06 4.25024e+06 4.22557e+06 4.17283e+06 4.15893e+06 4.14047e+06 4.13191e+06 4.10979e+06 4.08897e+06 4.04713e+06 4.04167e+06 4.03283e+06 4.01085e+06 3.96825e+06 3.94628e+06 3.95082e+06 3.90628e+06 3.9105e+06 3.87181e+06 3.86727e+06 3.8271e+06 3.8143e+06 3.80206e+06 3.77438e+06 3.76126e+06 3.73502e+06 3.72058e+06 3.70749e+06 3.67145e+06 3.67581e+06 3.65421e+06 3.62657e+06 3.61592e+06 3.59626e+06 3.57122e+06 3.54506e+06 3.55795e+06 3.52286e+06 3.50316e+06 3.48224e+06 3.47661e+06 3.45311e+06 3.41791e+06 3.40408e+06 3.4082e+06 3.38016e+06 3.38515e+06 3.37069e+06 3.36101e+06 3.33058e+06 3.3109e+06 3.3024e+06 3.27462e+06 3.25627e+06 3.24153e+06 3.22501e+06 3.21101e+06 3.19636e+06 3.19456e+06 3.17937e+06 3.18381e+06 3.14305e+06 3.12775e+06 3.11986e+06 3.09911e+06 3.07993e+06 
====T====
0 0.01 0.02 0.03 0.04 0.05 0.06 0.07 0.08 0.09 0.1 0.11 0.12 0.13 0.14 0.15 0.16 0.17 0.18 0.19 0.2 0.21 0.22 0.23 0.24 0.25 0.26 0.27 0.28 0.29 0.3 0.31 0.32 0.33 0.34 0.35 0.36 0.37 0.38 0.39 0.4 0.41 0.42 0.43 0.44 0.45 0.46 0.47 0.48 0.49 0.5 0.51 0.52 0.53 0.54 0.55 0.56 0.57 0.58 0.59 0.6 0.61 0.62 0.63 0.64 0.65 0.66 0.67 0.68 0.69 0.7 0.71 0.72 0.73 0.74 0.75 0.76 0.77 0.78 0.79 0.8 0.81 0.82 0.83 0.84 0.85 0.86 0.87 0.88 0.89 0.9 0.91 0.92 0.93 0.94 0.95 0.96 0.97 0.98 0.99 1 1.01 1.02 1.03 1.04 1.05 1.06 1.07 1.08 1.09 1.1 1.11 1.12 1.13 1.14 1.15 1.16 1.17 1.18 1.19 1.2 1.21 1.22 1.23 1.24 1.25 1.26 1.27 1.28 1.29 1.3 1.31 1.32 1.33 1.34 1.35 1.36 1.37 1.38 1.39 1.4 1.41 1.42 1.43 1.44 1.45 1.46 1.47 1.48 1.49 1.5 1.51 1.52 1.53 1.54 1.55 1.56 1.57 1.58 1.59 1.6 1.61 1.62 1.63 1.64 1.65 1.66 1.67 1.68 1.69 1.7 1.71 1.72 1.73 1.74 1.75 1.76 1.77 1.78 1.79 1.8 1.81 1.82 1.83 1.84 1.85 1.86 1.87 1.88 1.89 1.9 1.91 1.92 1.93 1.94 1.95 1.96 1.97 1.98 1.99 2 2.01 2.02 2.03 2.04 2.05 2.06 2.07 2.08 2.09 2.1 2.11 2.12 2.13 2.14 2.15 2.16 2.17 2.18 2.19 2.2 2.21 2.22 2.23 2.24 2.25 2.26 2.27 2.28 2.29 2.3 2.31 2.32 2.33 2.34 2.35 2.36 2.37 2.38 2.39 2.4 2.41 2.42 2.43 2.44 2.45 2.46 2.47 2.48 2.49 2.5 2.51 2.52 2.53 2.54 2.55 2.56 2.57 2.58 2.59 2.6 2.61 2.62 2.63 2.64 2.65 2.66 2.67 2.68 2.69 2.7 2.71 2.72 2.73 2.74 2.75 2.76 2.77 2.78 2.79 2.8 2.81 2.82 2.83 2.84 2.85 2.86 2.87 2.88 2.89 2.9 2.91 2.92 2.93 2.94 2.95 2.96 2.97 2.98 2.99 3 3.01 3.02 3.03 3.04 3.05 3.06 3.07 3.08 3.09 3.1 3.11 3.12 3.13 3.14 3.15 3.16 3.17 3.18 3.19 3.2 3.21 3.22 3.23 3.24 3.25 3.26 3.27 3.28 3.29 3.3 3.31 3.32 3.33 3.34 3.35 3.36 3.37 3.38 3.39 3.4 3.41 3.42 3.43 3.44 3.45 3.46 3.47 3.48 3.49 3.5 3.51 3.52 3.53 3.54 3.55 3.56 3.57 3.58 3.59 3.6 3.61 3.62 3.63 3.64 3.65 3.66 3.67 3.68 3.69 3.7 3.71 3.72 3.73 3.74 3.75 3.76 3.77 3.78 3.79 3.8 3.81 3.82 3.83 3.84 3.85 3.86 3.87 3.88 3.89 3.9 3.91 3.92 3.93 3.94 3.95 3.96 3.97 3.98 3.99 4 4.01 4.02 4.03 4.04 4.05 4.06 4.07 4.08 4.09 4.1 4.11 4.12 4.13 4.14 4.15 4.16 4.17 4.18 4.19 4.2 4.21 4.22 4.23 4.24 4.25 4.26 4.27 4.28 4.29 4.3 4.31 4.32 4.33 4.34 4.35 4.36 4.37 4.38 4.39 4.4 4.41 4.42 4.43 4.44 4.45 4.46 4.47 4.48 4.49 4.5 4.51 4.52 4.53 4.54 4.55 4.56 4.57 4.58 4.59 4.6 4.61 4.62 4.63 4.64 4.65 4.66 4.67 4.68 4.69 4.7 4.71 4.72 4.73 4.74 4.75 4.76 4.77 4.78 4.79 4.8 4.81 4.82 4.83 4.84 4.85 4.86 4.87 4.88 4.89 4.9 4.91 4.92 4.93 4.94 4.95 4.96 4.97 4.98 4.99 5 
====beta====
inf 100 50 33.3333 25 20 16.6667 14.2857 12.5 11.1111 10 9.09091 8.33333 7.69231 7.14286 6.66667 6.25 5.88235 5.55556 5.26316 5 4.7619 4.54545 4.34783 4.16667 4 3.84615 3.7037 3.57143 3.44828 3.33333 3.22581 3.125 3.0303 2.94118 2.85714 2.77778 2.7027 2.63158 2.5641 2.5 2.43902 2.38095 2.32558 2.27273 2.22222 2.17391 2.12766 2.08333 2.04082 2 1.96078 1.92308 1.88679 1.85185 1.81818 1.78571 1.75439 1.72414 1.69492 1.66667 1.63934 1.6129 1.5873 1.5625 1.53846 1.51515 1.49254 1.47059 1.44928 1.42857 1.40845 1.38889 1.36986 1.35135 1.33333 1.31579 1.2987 1.28205 1.26582 1.25 1.23457 1.21951 1.20482 1.19048 1.17647 1.16279 1.14943 1.13636 1.1236 1.11111 1.0989 1.08696 1.07527 1.06383 1.05263 1.04167 1.03093 1.02041 1.0101 1 0.990099 0.980392 0.970874 0.961538 0.952381 0.943396 0.934579 0.925926 0.917431 0.909091 0.900901 0.892857 0.884956 0.877193 0.869565 0.862069 0.854701 0.847458 0.840336 0.833333 0.826446 0.819672 0.813008 0.806452 0.8 0.793651 0.787402 0.78125 0.775194 0.769231 0.763359 0.757576 0.75188 0.746269 0.740741 0.735294 0.729927 0.724638 0.719424 0.714286 0.70922 0.704225 0.699301 0.694444 0.689655 0.684932 0.680272 0.675676 0.671141 0.666667 0.662252 0.657895 0.653595 0.649351 0.645161 0.641026 0.636943 0.632911 0.628931 0.625 0.621118 0.617284 0.613497 0.609756 0.606061 0.60241 0.598802 0.595238 0.591716 0.588235 0.584795 0.581395 0.578035 0.574713 0.571429 0.568182 0.564972 0.561798 0.558659 0.555556 0.552486 0.549451 0.546448 0.543478 0.540541 0.537634 0.534759 0.531915 0.529101 0.526316 0.52356 0.520833 0.518135 0.515464 0.512821 0.510204 0.507614 0.505051 0.502513 0.5 0.497512 0.49505 0.492611 0.490196 0.487805 0.485437 0.483092 0.480769 0.478469 0.47619 0.473934 0.471698 0.469484 0.46729 0.465116 0.462963 0.460829 0.458716 0.456621 0.454545 0.452489 0.45045 0.44843 0.446429 0.444444 0.442478 0.440529 0.438596 0.436681 0.434783 0.4329 0.431034 0.429185 0.42735 0.425532 0.423729 0.421941 0.420168 0.41841 0.416667 0.414938 0.413223 0.411523 0.409836 0.408163 0.406504 0.404858 0.403226 0.401606 0.4 0.398406 0.396825 0.395257 0.393701 0.392157 0.390625 0.389105 0.387597 0.3861 0.384615 0.383142 0.381679 0.380228 0.378788 0.377358 0.37594 0.374532 0.373134 0.371747 0.37037 0.369004 0.367647 0.3663 0.364964 0.363636 0.362319 0.361011 0.359712 0.358423 0.357143 0.355872 0.35461 0.353357 0.352113 0.350877 0.34965 0.348432 0.347222 0.346021 0.344828 0.343643 0.342466 0.341297 0.340136 0.338983 0.337838 0.3367 0.33557 0.334448 0.333333 0.332226 0.331126 0.330033 0.328947 0.327869 0.326797 0.325733 0.324675 0.323625 0.322581 0.321543 0.320513 0.319489 0.318471 0.31746 0.316456 0.315457 0.314465 0.31348 0.3125 0.311526 0.310559 0.309598 0.308642 0.307692 0.306748 0.30581 0.304878 0.303951 0.30303 0.302115 0.301205 0.3003 0.299401 0.298507 0.297619 0.296736 0.295858 0.294985 0.294118 0.293255 0.292398 0.291545 0.290698 0.289855 0.289017 0.288184 0.287356 0.286533 0.285714 0.2849 0.284091 0.283286 0.282486 0.28169 0.280899 0.280112 0.27933 0.278552 0.277778 0.277008 0.276243 0.275482 0.274725 0.273973 0.273224 0.27248 0.271739 0.271003 0.27027 0.269542 0.268817 0.268097 0.26738 0.266667 0.265957 0.265252 0.26455 0.263852 0.263158 0.262467 0.26178 0.261097 0.260417 0.25974 0.259067 0.258398 0.257732 0.257069 0.25641 0.255754 0.255102 0.254453 0.253807 0.253165 0.252525 0.251889 0.251256 0.250627 0.25 0.249377 0.248756 0.248139 0.247525 0.246914 0.246305 0.2457 0.245098 0.244499 0.243902 0.243309 0.242718 0.242131 0.241546 0.240964 0.240385 0.239808 0.239234 0.238663 0.238095 0.23753 0.236967 0.236407 0.235849 0.235294 0.234742 0.234192 0.233645 0.2331 0.232558 0.232019 0.231481 0.230947 0.230415 0.229885 0.229358 0.228833 0.228311 0.22779 0.227273 0.226757 0.226244 0.225734 0.225225 0.224719 0.224215 0.223714 0.223214 0.222717 0.222222 0.221729 0.221239 0.220751 0.220264 0.21978 0.219298 0.218818 0.218341 0.217865 0.217391 0.21692 0.21645 0.215983 0.215517 0.215054 0.214592 0.214133 0.213675 0.21322 0.212766 0.212314 0.211864 0.211416 0.21097 0.210526 0.210084 0.209644 0.209205 0.208768 0.208333 0.2079 0.207469 0.207039 0.206612 0.206186 0.205761 0.205339 0.204918 0.204499 0.204082 0.203666 0.203252 0.20284 0.202429 0.20202 0.201613 0.201207 0.200803 0.200401 0.2 
====Chi====
inf 1851.79 1414.31 1290.5 1207.67 1152.41 1120.21 1108.18 1097.24 1090.49 1090.04 1086.42 1089.09 1085.74 1091.05 1091.66 1090.93 1093.52 1097.17 1094.6 1094.87 1094.95 1096.15 1095.22 1090.09 1087.3 1087.75 1090.1 1091.62 1093.64 1090.81 1087.17 1084.29 1083.62 1082.88 1081.14 1079.88 1080.1 1080.87 1078.18 1079.38 1079.8 1079.02 1076.44 1077.19 1078.66 1076.14 1077.49 1078.67 1079.47 1078.8 1078.36 1076.97 1078.27 1077.65 1077.71 1077.71 1077.73 1077.02 1075.92 1076.1 1076.92 1077.3 1077.76 1075.8 1074.89 1075.43 1074.66 1074.1 1074.66 1074.04 1073.63 1071.83 1071.67 1070.13 1070.81 1069.54 1069.07 1067.42 1065.54 1064.25 1063.31 1061.73 1060.82 1059.9 1058.58 1058.36 1056.84 1055.22 1052.9 1051.15 1049.54 1048.66 1046.54 1044.54 1042.78 1040.83 1039.29 1038.64 1035.87 1033.96 1032.61 1031.49 1030.3 1028.6 1026.6 1024.69 1023.78 1020.62 1018.81 1017.17 1013.75 1012.15 1009.65 1007.42 1005.69 1002.94 1000 998.774 995.825 993.899 991.25 989.614 987.116 983.358 980.443 978.828 976.684 975.232 973.179 970.675 968.29 966.308 963.35 959.991 956.456 953.647 950.975 947.658 945.14 941.991 937.723 934.946 931.994 929.756 927.471 924.027 920.711 916.583 913.781 911.141 907.578 903.953 901.39 899.22 895.17 892.765 888.391 884.918 882.034 879.599 875.158 873.364 870.211 866.426 861.509 857.769 853.896 850.817 848.111 843.457 839.005 835.257 831.565 827.938 824.303 820.344 816.402 810.757 806.007 801.749 797.851 793.292 787.98 784.212 778.985 774.15 769.902 765.832 761.187 754.894 750.726 744.964 738.662 733.35 727.066 721.308 715.192 708.473 702.323 697.018 690.975 684.369 679.26 672.296 665.06 659.397 651.7 643.663 636.813 629.328 621.866 614.884 606.431 599.129 591.306 583.432 574.652 566.799 557.902 546.959 538.557 528.173 520.369 509.197 501.459 491.956 480.019 470.45 461.026 449.21 438.759 425.093 414.439 401.847 390.217 377.357 363.743 350.134 337.619 323.596 309.455 296.868 282.156 266.631 254.808 241.229 228.802 218.081 207.12 194.121 182.284 170.256 158.805 146.997 137.207 125.997 114.986 105.084 96.8737 88.9804 80.1822 72.8957 65.5256 58.8264 53.4016 46.7123 41.8108 37.1764 32.5094 28.8854 24.7812 22.4641 19.9726 17.9233 15.9795 14.8334 13.5405 12.1118 11.3042 10.3932 9.23645 8.62663 7.77152 7.73482 6.91371 6.42244 5.97567 5.7783 5.44875 5.1087 4.95759 4.64198 4.50786 4.58959 4.48085 4.21091 4.17248 4.1218 3.86415 4.02679 3.96514 3.91365 3.77727 3.69858 3.63155 3.5329 3.69531 3.49329 3.49424 3.33388 3.24996 3.14685 2.88536 2.6511 2.80604 2.90182 2.85721 2.88579 2.65813 2.60695 2.62765 2.60618 2.53538 2.51389 2.4568 2.32684 2.3375 2.34541 2.26919 2.10225 2.04863 2.12229 2.14289 2.06646 2.05323 2.09499 2.05072 2.13892 2.00303 2.01634 1.86566 1.80141 1.87217 1.8288 1.80611 1.94392 1.77412 1.85517 1.79202 1.7919 1.88178 1.77483 1.68638 1.64565 1.61233 1.55374 1.59615 1.54599 1.5283 1.53895 1.52023 1.47941 1.5018 1.37526 1.51335 1.49556 1.43075 1.47245 1.30918 1.35458 1.33378 1.32774 1.36478 1.3405 1.37301 1.36171 1.34841 1.26053 1.36181 1.31258 1.31882 1.2199 1.15012 1.23709 1.27416 1.16865 1.18817 1.22682 1.18637 1.13368 1.06764 1.14818 1.12676 1.04445 1.06273 0.996355 1.02603 1.08265 1.08004 1.03586 1.05247 1.07963 1.02472 1.07133 1.0015 1.01022 0.970898 1.01714 1.02399 1.01814 1.0051 1.0317 1.03631 0.881245 0.925743 0.974641 0.970006 0.994387 1.00181 0.930691 0.902642 0.933068 0.936949 0.894453 0.878959 0.882772 0.837437 0.938883 0.889765 0.904766 0.902275 0.909505 0.906129 0.902492 0.806164 0.804929 0.86944 0.86856 0.803447 0.876558 0.773107 0.792491 0.809363 0.818753 0.69738 0.686406 0.751484 0.73126 0.767048 0.773689 0.733552 0.765825 0.721827 0.72698 0.753617 0.7616 0.682787 0.736358 0.734873 0.68748 0.682991 0.697605 0.677575 0.716097 0.633321 0.741792 0.688877 0.694922 0.693499 0.659621 0.70924 0.685878 0.638277 0.672741 0.637957 0.692463 0.583038 0.656787 0.620567 0.635345 0.64592 0.599395 0.688511 0.649506 0.616358 0.598354 0.636851 0.619623 0.645587 0.577852 0.574486 0.594587 0.558575 0.54701 0.568732 0.549241 0.580991 0.635245 0.555142 0.543406 
====Cv====
inf 17611.8 4228.68 1856.25 1025.62 655.83 447.884 325.944 251.581 203.352 164.697 136.116 113.025 96.0106 84.6182 74.838 67.2713 60.5646 54.6945 50.598 46.1562 42.5175 39.1883 36.0319 33.0288 30.8672 28.7079 26.7678 24.9548 23.5122 22.0993 20.9292 19.9177 18.9035 17.9162 16.9104 16.0994 15.374 14.6573 14.0965 13.5397 13.057 12.4553 11.8863 11.4352 10.9828 10.592 10.1953 9.88892 9.60944 9.29117 9.00912 8.72216 8.47956 8.25868 8.04718 7.844 7.64232 7.48669 7.31801 7.15879 7.04394 6.91503 6.7802 6.67632 6.56176 6.48659 6.38428 6.30184 6.21355 6.06896 5.98093 5.87381 5.77767 5.67357 5.61277 5.54066 5.48922 5.42212 5.34276 5.26634 5.20735 5.12932 5.09458 4.99463 4.95043 4.86621 4.81341 4.73612 4.68961 4.69903 4.62038 4.55136 4.51266 4.4923 4.41877 4.38359 4.3403 4.29521 4.27444 4.24263 4.25953 4.19302 4.14839 4.14848 4.06682 4.01921 3.99466 3.99312 3.99609 3.92742 3.88993 3.86517 3.80796 3.83128 3.77235 3.83701 3.76165 3.75296 3.69879 3.73544 3.69311 3.67216 3.65288 3.67027 3.61296 3.58267 3.51466 3.52957 3.53681 3.5695 3.52466 3.50582 3.56743 3.50683 3.41969 3.4111 3.44251 3.47462 3.39438 3.39969 3.38102 3.43755 3.35196 3.25146 3.26244 3.32855 3.38364 3.36405 3.25105 3.28054 3.26596 3.19237 3.21409 3.31028 3.17673 3.18039 3.14649 3.09562 3.04553 3.11862 3.06728 3.22622 3.20259 3.15415 3.0181 3.09999 3.06884 2.98857 3.08192 3.05681 3.04477 3.05644 3.11263 3.01216 2.99828 2.96465 2.9807 3.07212 3.09058 3.04875 2.9143 2.89558 3.05777 3.01734 3.03216 2.93755 2.92601 2.97822 2.91933 2.98967 2.83448 2.9261 2.84312 2.87728 2.84573 2.84538 2.81017 2.767 2.8062 2.79717 2.88853 2.86082 2.91477 2.8373 2.8093 2.72623 2.73539 2.64015 2.7448 2.63541 2.55414 2.69506 2.74958 2.75072 2.73669 2.80954 2.80526 2.72218 2.66384 2.59009 2.55502 2.55207 2.56779 2.50198 2.54507 2.46111 2.26144 2.4175 2.35109 2.37787 2.25093 2.30354 2.35224 2.14767 2.16348 2.08234 1.98202 2.13506 2.092 1.92552 1.84872 1.81726 1.76468 1.68895 1.53707 1.42128 1.49837 1.51579 1.385 1.31299 1.24843 1.24068 1.18396 1.17257 1.12866 1.10031 1.04925 1.00045 0.932379 0.799611 0.87755 0.869618 0.837955 0.738625 0.740756 0.737535 0.74285 0.769775 0.729803 0.652023 0.614622 0.622544 0.563614 0.571393 0.539354 0.573299 0.599268 0.532046 0.544538 0.545425 0.5384 0.520745 0.542802 0.480745 0.479461 0.456166 0.458787 0.48126 0.501843 0.461261 0.450955 0.486825 0.471571 0.440625 0.431229 0.430303 0.415327 0.440983 0.404009 0.373158 0.395469 0.4227 0.389664 0.345174 0.386285 0.386689 0.378212 0.350705 0.375022 0.374366 0.367464 0.37335 0.349049 0.352924 0.328524 0.346844 0.334724 0.310425 0.346511 0.318255 0.316161 0.319043 0.321773 0.319445 0.302922 0.308343 0.347534 0.312226 0.28181 0.30661 0.275076 0.289604 0.283912 0.278351 0.272774 0.285938 0.25863 0.283495 0.268118 0.283733 0.274347 0.267982 0.275458 0.266535 0.26439 0.266115 0.25226 0.250508 0.243672 0.247293 0.233696 0.259571 0.251873 0.252492 0.234224 0.23024 0.226188 0.23101 0.231062 0.218749 0.230393 0.238854 0.220144 0.22113 0.207775 0.223085 0.211818 0.211952 0.200418 0.209425 0.208512 0.203248 0.210715 0.218484 0.203659 0.207177 0.196396 0.200114 0.201235 0.202776 0.197273 0.186133 0.207559 0.205241 0.210146 0.195871 0.180541 0.181282 0.177689 0.191232 0.191177 0.170943 0.181122 0.174575 0.178261 0.189223 0.167477 0.195571 0.167552 0.159835 0.182542 0.172767 0.182085 0.170697 0.158687 0.157981 0.17174 0.161906 0.160229 0.158939 0.180069 0.142546 0.159482 0.155034 0.154737 0.158057 0.143227 0.155666 0.165356 0.153267 0.142626 0.149668 0.133918 0.137693 0.149455 0.146121 0.143687 0.135051 0.152056 0.130683 0.141062 0.13627 0.155711 0.132821 0.135279 0.140028 0.13984 0.134606 0.132645 0.129159 0.127255 0.127939 0.132323 0.13684 0.121912 0.138079 0.128989 0.124651 0.129445 0.131107 0.120412 0.12703 0.123233 0.136822 0.123033 0.116319 0.111288 0.117032 0.125197 0.120013 0.125362 0.11937 0.120544 0.115131 0.108552 0.117477 0.119922 0.130242 0.114575 0.114454 0.107852 0.111914 0.109412 0.113897 0.109149 0.112401 0.11515 0.106888 0.114001 0.111973 0.104801 0.100612 0.106044 0.105417 0.115393 0.107252 0.106369 0.103958 0.107027 0.0996572 0.102588 0.100506 0.0977766 0.0991341 0.106645 0.102053 0.0970727 0.108567 0.100892 0.09737 
