1             0     -nan         -nan
1             0.01  0            0
1             0.02  0            0
1             0.03  0            0
1             0.04  0            0
1             0.05  0            0
1             0.06  0            0
1             0.07  0            0
1             0.08  0            0
1             0.09  0            0
1             0.1   0            0
1             0.11  0            0
1             0.12  0            0
1             0.13  0            0
1             0.14  0            0
1             0.15  0            0
1             0.16  0            0
1             0.17  0            0
1             0.18  0            0
1             0.19  0            0
1             0.2   0            0
1             0.21  0            0
1             0.22  0            0
1             0.23  0            0
1             0.24  0            0
1             0.25  0            0
1             0.26  0            0
1             0.27  0            0
1             0.28  0            0
1             0.29  0            0
1             0.3   0            0
1             0.31  0            0
1             0.32  0            0
1             0.33  0            0
1             0.34  0            0
1             0.35  0            0
1             0.36  0            0
1             0.37  0            0
1             0.38  0            0
1             0.39  0            0
1             0.4   0            0
1             0.41  0            0
1             0.42  0            0
1             0.43  0            0
1             0.44  0            0
1             0.45  0            0
1             0.46  0            0
1             0.47  0            0
1             0.48  0            0
1             0.49  0            0
1             0.5   0            0
1             0.51  0            0
1             0.52  0            0
1             0.53  0            0
1             0.54  0            0
1             0.55  0            0
1             0.56  0            0
1             0.57  0            0
0.999985      0.58  5.25137e-05  0.00144866
1             0.59  0            0
1             0.6   0            0
1             0.61  0            0
0.999992      0.62  2.45869e-05  0.000634501
1             0.63  0            0
0.999992      0.64  2.38186e-05  0.000595464
1             0.65  0            0
0.999969      0.66  9.21163e-05  0.00223312
0.999985      0.67  4.54597e-05  0.0010856
0.999977      0.68  6.7121e-05   0.00157932
0.999977      0.69  6.61482e-05  0.00153387
0.999977      0.7   6.52032e-05  0.00149036
0.999962      0.71  0.000106932  0.00240973
0.999954      0.72  0.000168797  0.00292953
0.999954      0.73  0.000166485  0.00284982
0.999977      0.74  6.16787e-05  0.00133359
0.999985      0.75  4.06106e-05  0.00086636
0.999916      0.76  0.000218478  0.00459955
0.999916      0.77  0.000215641  0.00448085
0.999916      0.78  0.000212876  0.0043667
0.999916      0.79  0.000210182  0.00425685
0.999886      0.8   0.000281911  0.00563823
0.99987       0.81  0.000390282  0.00706416
0.999825      0.82  0.000455594  0.00888964
0.999878      0.83  0.000289549  0.00558167
0.999886      0.84  0.000268487  0.00511404
0.999855      0.85  0.000370653  0.006977
0.999847      0.86  0.00038341   0.00656191
0.999779      0.87  0.0005293    0.00917883
0.999817      0.88  0.000441074  0.00747513
0.999756      0.89  0.000531486  0.0095548
0.999657      0.9   0.00076332   0.0135701
0.999756      0.91  0.000519805  0.00913943
0.999725      0.92  0.000675606  0.0107601
0.999695      0.93  0.000696285  0.0114961
0.99955       0.94  0.00109734   0.0171901
0.999405      0.95  0.00125377   0.0211161
0.999413      0.96  0.0012908    0.0201817
0.999435      0.97  0.0012058    0.0190185
0.999306      0.98  0.00157124   0.0232857
0.999374      0.99  0.0012243    0.0193707
0.999336      1     0.00139783   0.0219588
0.999176      1.01  0.00197321   0.0253184
0.999084      1.02  0.00188397   0.0281679
0.999168      1.03  0.00179843   0.0268015
0.998894      1.04  0.00223699   0.0323729
0.998817      1.05  0.00240563   0.0331117
0.998817      1.06  0.00241172   0.0335347
0.998627      1.07  0.00280019   0.0390932
0.998734      1.08  0.00272807   0.0370018
0.998543      1.09  0.002931     0.040567
0.998466      1.1   0.0030732    0.0389788
0.998192      1.11  0.00368613   0.0474097
0.998413      1.12  0.0037568    0.0444807
0.998161      1.13  0.00378472   0.0474139
0.997978      1.14  0.00415495   0.0504388
0.997803      1.15  0.00471032   0.0542219
0.997604      1.16  0.00475804   0.0589862
0.99749       1.17  0.00445108   0.0541939
0.997505      1.18  0.00476614   0.0592197
0.997383      1.19  0.00543813   0.0620423
0.997337      1.2   0.00559557   0.0659676
0.997086      1.21  0.0051892    0.0611658
0.996635      1.22  0.00684241   0.0737431
0.996307      1.23  0.00726014   0.0800181
0.996338      1.24  0.00680493   0.0801591
0.995926      1.25  0.00990634   0.088432
0.995857      1.26  0.00868372   0.0906137
0.995712      1.27  0.00797252   0.0884743
0.995445      1.28  0.00871354   0.0919144
0.994675      1.29  0.010317     0.101493
0.994705      1.3   0.00997282   0.09994
0.994255      1.31  0.0119191    0.115163
0.994385      1.32  0.0108777    0.105398
0.994019      1.33  0.0119977    0.111933
0.993332      1.34  0.0123895    0.118243
0.993431      1.35  0.0135301    0.127438
0.992554      1.36  0.0163555    0.142746
0.992149      1.37  0.0166062    0.141964
0.992249      1.38  0.0151918    0.138428
0.99189       1.39  0.015956     0.14031
0.991302      1.4   0.0160747    0.141798
0.991226      1.41  0.0167576    0.150009
0.990601      1.42  0.0185443    0.1602
0.990494      1.43  0.017797     0.151103
0.989548      1.44  0.0244044    0.178491
0.989182      1.45  0.0214507    0.171318
0.98922       1.46  0.0216259    0.171767
0.988045      1.47  0.023304     0.182191
0.987793      1.48  0.0241254    0.181317
0.987442      1.49  0.0246617    0.19955
0.986404      1.5   0.0279633    0.210057
0.985123      1.51  0.0279167    0.201114
0.985329      1.52  0.0280254    0.20797
0.984085      1.53  0.0350911    0.236948
0.984451      1.54  0.0302392    0.20494
0.98288       1.55  0.0348736    0.241441
0.983131      1.56  0.0345773    0.220579
0.981339      1.57  0.037975     0.236095
0.981865      1.58  0.0339295    0.232352
0.981316      1.59  0.0428778    0.271747
0.979797      1.6   0.0424045    0.258606
0.978897      1.61  0.044777     0.269442
0.978745      1.62  0.0461354    0.272186
0.9776        1.63  0.044615     0.268174
0.976105      1.64  0.0503027    0.286168
0.974075      1.65  0.0545452    0.30932
0.974144      1.66  0.0553257    0.3138
0.973053      1.67  0.0647024    0.33552
0.972984      1.68  0.0588571    0.315534
0.971191      1.69  0.0714364    0.354442
0.97023       1.7   0.0640263    0.349439
0.96862       1.71  0.0681266    0.327279
0.966888      1.72  0.0876303    0.405149
0.967209      1.73  0.0713384    0.323488
0.964935      1.74  0.0863249    0.380603
0.96376       1.75  0.0912764    0.399915
0.962181      1.76  0.100787     0.426926
0.962349      1.77  0.0811007    0.379634
0.959282      1.78  0.105449     0.400952
0.958313      1.79  0.101257     0.411903
0.956665      1.8   0.100045     0.420799
0.955734      1.81  0.107181     0.411702
0.954109      1.82  0.129454     0.481692
0.954239      1.83  0.121213     0.443894
0.952133      1.84  0.124869     0.445767
0.949226      1.85  0.134838     0.467775
0.945351      1.86  0.150611     0.500958
0.944725      1.87  0.158293     0.490348
0.942413      1.88  0.179429     0.559838
0.940704      1.89  0.166214     0.543196
0.937424      1.9   0.192822     0.590939
0.935936      1.91  0.220605     0.609684
0.933868      1.92  0.304657     0.596652
0.931923      1.93  0.251787     0.612977
0.930115      1.94  0.245406     0.610302
0.925591      1.95  0.272149     0.640038
0.924271      1.96  0.318486     0.663143
0.920639      1.97  0.309299     0.717464
0.915497      1.98  0.369567     0.742486
0.914742      1.99  0.392214     0.748733
0.912766      2     0.373549     0.685009
0.90731       2.01  0.425911     0.744242
0.90683       2.02  0.350607     0.718739
0.90239       2.03  0.424179     0.767311
0.895714      2.04  0.520179     0.811957
0.895866      2.05  0.504791     0.750282
0.888229      2.06  0.581136     0.885326
0.881378      2.07  0.776602     0.897889
0.880867      2.08  1.28853      0.898596
0.873405      2.09  1.55897      0.806334
0.868591      2.1   1.72233      0.932779
0.858261      2.11  2.0086       0.98181
0.851433      2.12  2.3586       1.03854
0.840942      2.13  2.98894      1.02477
0.838295      2.14  3.321        1.07239
0.825203      2.15  3.99043      1.0577
0.807518      2.16  4.31205      1.248
0.80632       2.17  4.51934      1.08334
0.799736      2.18  5.38445      1.24734
0.785507      2.19  5.97979      1.21393
0.771584      2.2   7.06089      1.31474
0.755852      2.21  8.3048       1.32037
0.744919      2.22  8.52363      1.2535
0.723969      2.23  9.93377      1.40548
0.707893      2.24  11.8843      1.39288
0.689468      2.25  12.3603      1.35952
0.655617      2.26  14.5987      1.45738
0.641586      2.27  17.0121      1.48537
0.600922      2.28  19.1385      1.44813
0.577805      2.29  21.8438      1.55515
0.548218      2.3   23.4976      1.52399
0.527924      2.31  23.7818      1.50902
0.499184      2.32  24.2983      1.56356
0.453247      2.33  26.2997      1.55334
0.40361       2.34  28.3432      1.6078
0.344673      2.35  31.3718      1.57497
0.308243      2.36  32.054       1.53696
0.278252      2.37  31.6258      1.50968
0.249107      2.38  32.1116      1.45353
0.217339      2.39  32.2457      1.40937
0.183746      2.4   31.8539      1.43833
0.152786      2.41  30.6875      1.38928
0.122055      2.42  30.5006      1.33227
0.0834122     2.43  28.3552      1.3154
0.0401688     2.44  28.754       1.3258
0.0593948     2.45  26.1937      1.31651
0.037674      2.46  24.7069      1.13143
0.00405884    2.47  24.8685      1.13938
0.0088501     2.48  23.7945      1.1628
-0.00293732   2.49  22.8545      1.1086
-0.00496674   2.5   21.2253      1.11723
0.0109711     2.51  19.7725      1.06704
0.0261536     2.52  18.8757      0.887513
0.0242081     2.53  18.4887      0.930629
0.0124741     2.54  18.355       0.998087
0.0065155     2.55  15.5321      0.815356
-0.0161362    2.56  15.7543      0.869065
-0.00833893   2.57  15.0448      0.860214
0.000236511   2.58  13.5926      0.809231
-0.0124054    2.59  14.29        0.816045
0.00346375    2.6   12.7115      0.80391
-0.0116653    2.61  13.0162      0.731262
-0.0196762    2.62  11.9982      0.778255
-0.0130081    2.63  11.2022      0.731539
0.0127945     2.64  10.8431      0.69363
-0.000297546  2.65  11.0726      0.703805
-0.0046463    2.66  10.8793      0.73288
-0.000610352  2.67  10.1024      0.656961
0.00273132    2.68  9.5198       0.657557
0.011734      2.69  8.5014       0.562395
0.0124664     2.7   8.38934      0.615868
0.00376892    2.71  8.80601      0.654372
0.0133133     2.72  8.0898       0.63149
-0.00411987   2.73  8.18564      0.571507
0.00531006    2.74  7.86731      0.529705
0.00835419    2.75  7.03315      0.558251
0.001091      2.76  6.6035       0.568055
0.00105286    2.77  6.64225      0.556534
-0.0121536    2.78  6.44845      0.550927
0.00297546    2.79  6.50044      0.557402
-0.000656128  2.8   6.35303      0.535578
-0.00332642   2.81  6.2621       0.560629
-0.00174713   2.82  6.02966      0.540318
-0.00511932   2.83  5.44274      0.523613
0.00358582    2.84  5.22249      0.503046
0.0131378     2.85  5.46711      0.44775
0.00315094    2.86  4.94555      0.475762
0.00896454    2.87  5.07928      0.502892
0.00424957    2.88  4.99518      0.492377
0.00629425    2.89  5.25724      0.474561
0.00604248    2.9   4.7169       0.481141
0.00551605    2.91  4.45179      0.433098
-0.0101547    2.92  4.57663      0.448257
-0.00236511   2.93  4.45689      0.450879
-0.00642395   2.94  4.63881      0.469086
-0.00533295   2.95  4.67056      0.433316
0.0131302     2.96  3.86825      0.424327
-0.00063324   2.97  3.87117      0.419588
0.0127182     2.98  4.12984      0.391875
-0.0103149    2.99  3.83369      0.400186
-0.00188446   3     3.86969      0.398446
0.00553894    3.01  3.26465      0.406042
0.00138092    3.02  3.80851      0.418031
-0.0105133    3.03  3.27635      0.384061
-0.00119781   3.04  3.5352       0.368124
0.0138321     3.05  3.43903      0.379123
0.0105896     3.06  3.18347      0.387491
0.000671387   3.07  3.5672       0.399056
0.00341797    3.08  3.34304      0.366943
-0.00627136   3.09  3.24034      0.385016
0.00553131    3.1   3.06346      0.357216
0.00309753    3.11  3.0027       0.360443
-0.00624847   3.12  3.10656      0.387256
-0.0043335    3.13  3.01319      0.351229
-0.00284576   3.14  2.93973      0.358709
0.00547791    3.15  2.82168      0.336254
-0.000778198  3.16  2.94219      0.350464
-0.00267792   3.17  2.84076      0.353564
0.00157166    3.18  2.91256      0.334942
-0.00340271   3.19  2.7697       0.318914
0.000671387   3.2   2.78217      0.319219
0.00427246    3.21  2.44546      0.331424
-0.00301361   3.22  2.3078       0.310721
0.00144196    3.23  2.58282      0.312685
-0.00505829   3.24  2.58601      0.317256
0.00629425    3.25  2.43813      0.297893
0.0083847     3.26  2.30332      0.319011
0.0103607     3.27  2.31285      0.289914
0.00437164    3.28  2.1909       0.28807
-0.00556183   3.29  2.23482      0.301502
-0.00201416   3.3   2.32339      0.321609
0.0107956     3.31  2.29347      0.296546
0.00228882    3.32  2.30339      0.293177
-0.00311279   3.33  2.20489      0.288222
-0.00337982   3.34  2.13948      0.260135
-0.00222015   3.35  2.11064      0.285953
-0.00873566   3.36  2.15532      0.265217
0.00419617    3.37  2.00308      0.271497
0.00463867    3.38  2.11753      0.28757
0.00130463    3.39  1.99809      0.259552
0.00344849    3.4   1.91505      0.247229
0.0039978     3.41  2.13902      0.272888
-0.0100555    3.42  1.947        0.270058
-0.000320435  3.43  1.91667      0.280216
0.00349426    3.44  1.85764      0.254935
-0.0112076    3.45  1.88443      0.24519
-0.00545502   3.46  1.91425      0.253449
-0.00149536   3.47  1.8543       0.228952
0.00671387    3.48  1.73341      0.241136
0.00469208    3.49  1.69954      0.246702
0.00258636    3.5   1.83751      0.256386
-0.0069046    3.51  1.6342       0.262902
0.0018692     3.52  1.83866      0.243999
0.00312042    3.53  1.57034      0.235738
-0.00200653   3.54  1.76107      0.252687
0.00300598    3.55  1.54319      0.234518
0.00140381    3.56  1.65513      0.226985
0.00197601    3.57  1.53524      0.226579
0.00583649    3.58  1.58949      0.223413
-0.00195312   3.59  1.71158      0.241197
0.009552      3.6   1.59794      0.23811
0.00356293    3.61  1.51884      0.235663
-0.00373077   3.62  1.559        0.233304
-0.00131989   3.63  1.54429      0.217533
-0.00563049   3.64  1.66279      0.210818
-0.00164032   3.65  1.61943      0.208818
0.00372314    3.66  1.54505      0.22024
0.000785828   3.67  1.3812       0.223268
-0.00536346   3.68  1.4161       0.211982
-0.000541687  3.69  1.4164       0.191661
-0.00383759   3.7   1.33608      0.203427
0.0038147     3.71  1.34278      0.218388
-0.000205994  3.72  1.43715      0.226018
-0.00520325   3.73  1.46267      0.199777
0.000923157   3.74  1.27069      0.199223
-0.000564575  3.75  1.36902      0.213081
0.00997162    3.76  1.32936      0.211501
0.00205994    3.77  1.29468      0.2059
-0.00276947   3.78  1.3245       0.197192
0.00106049    3.79  1.20247      0.209343
0.00435638    3.8   1.26782      0.187659
0.0029068     3.81  1.22347      0.187619
0.00440979    3.82  1.197        0.194989
0.00275421    3.83  1.2712       0.19481
0.00225067    3.84  1.1454       0.199846
0.000389099   3.85  1.22804      0.195299
0.00244904    3.86  1.2385       0.169019
0.00362396    3.87  1.30882      0.179358
-0.00691223   3.88  1.18632      0.18893
0.00228119    3.89  1.19801      0.175185
-0.00583649   3.9   1.17187      0.170824
-0.00403595   3.91  1.18816      0.184005
-0.00306702   3.92  1.14376      0.184308
0.00257874    3.93  1.22669      0.186135
-0.00792694   3.94  1.1712       0.177084
-0.00418854   3.95  1.15751      0.175266
0.00188446    3.96  1.14412      0.175138
0.00286865    3.97  1.0718       0.169096
-0.00330353   3.98  1.04574      0.181876
0.00398254    3.99  0.952194     0.169362
-0.000480652  4     1.07605      0.159255
0.00354004    4.01  1.05126      0.169939
-0.00270081   4.02  1.02941      0.174436
0.000709534   4.03  1.0984       0.156933
0.0033493     4.04  1.10301      0.172398
-0.00177002   4.05  1.00103      0.164012
0.0001297     4.06  1.1305       0.165406
0.000312805   4.07  1.02852      0.167005
-0.00202942   4.08  0.994091     0.154318
0.00236511    4.09  1.0247       0.170827
0.000854492   4.1   0.957737     0.154882
0.00087738    4.11  1.0188       0.152785
0.00578308    4.12  0.916827     0.166755
0.00250244    4.13  0.96659      0.17331
-0.00125122   4.14  1.05818      0.162
0.00647736    4.15  0.938386     0.153113
-0.00494385   4.16  0.935738     0.152339
-0.000694275  4.17  0.881698     0.148361
-0.000602722  4.18  0.914859     0.150017
0.00536346    4.19  0.921924     0.140176
-0.00328827   4.2   0.956063     0.150103
-0.00161743   4.21  0.984022     0.150048
-0.000770569  4.22  0.982431     0.159673
-0.005867     4.23  0.889596     0.146385
0.000671387   4.24  0.930205     0.15821
-0.00727844   4.25  0.855897     0.140746
-0.00038147   4.26  0.882816     0.132152
0.0020752     4.27  0.815312     0.14333
0.00448608    4.28  0.875364     0.144328
0.000305176   4.29  0.788479     0.138619
0.00102234    4.3   0.897041     0.144625
-0.000648499  4.31  0.859293     0.142222
-0.000541687  4.32  0.904783     0.131436
0.00107574    4.33  0.843905     0.154375
0.00102234    4.34  0.812697     0.13019
0.00741577    4.35  0.779929     0.143268
0.00100708    4.36  0.80993      0.134816
0.0043869     4.37  0.777165     0.135304
0.00476074    4.38  0.79062      0.135573
-0.000366211  4.39  0.795917     0.134282
0.00289917    4.4   0.785942     0.140973
-0.00102234   4.41  0.765501     0.136621
0.00273132    4.42  0.778153     0.136963
-0.00431824   4.43  0.786441     0.129629
-0.00518036   4.44  0.767719     0.129732
-0.00615692   4.45  0.783496     0.134998
0.00515747    4.46  0.767804     0.126235
-0.00222778   4.47  0.776105     0.136713
-0.000221252  4.48  0.732675     0.126675
-0.000747681  4.49  0.702736     0.127441
0.00190735    4.5   0.718685     0.122893
-0.00437927   4.51  0.755463     0.128956
-0.00462341   4.52  0.771688     0.115368
0.0041275     4.53  0.740321     0.119407
-0.00216675   4.54  0.723325     0.123966
0.000167847   4.55  0.748766     0.119498
-0.00806427   4.56  0.742875     0.118867
-0.00688934   4.57  0.728905     0.119854
-0.000556946  4.58  0.709879     0.121645
-0.00450897   4.59  0.674019     0.120266
-0.00201416   4.6   0.736177     0.124963
-0.00391388   4.61  0.724849     0.106649
0.000198364   4.62  0.722459     0.120646
-0.0046463    4.63  0.734343     0.112738
0.00429535    4.64  0.774954     0.116925
-0.00251007   4.65  0.650921     0.114419
0.00458527    4.66  0.697426     0.111419
0.00879669    4.67  0.722145     0.114362
-0.00756073   4.68  0.714411     0.122258
-0.00507355   4.69  0.622042     0.113867
0.00201416    4.7   0.693476     0.108474
-0.00232697   4.71  0.668744     0.110175
-0.00247192   4.72  0.72408      0.116871
-3.8147e-05   4.73  0.682036     0.110098
0.000511169   4.74  0.629559     0.101248
0.00260162    4.75  0.667954     0.111577
0.00114441    4.76  0.619892     0.104393
0.00257111    4.77  0.6422       0.105213
-0.00192261   4.78  0.648671     0.101354
-0.000450134  4.79  0.645181     0.102357
-0.00578308   4.8   0.630172     0.114295
-0.00164795   4.81  0.668286     0.103171
0.0017395     4.82  0.605664     0.101593
0.00196075    4.83  0.651403     0.104171
-0.00505066   4.84  0.614866     0.101118
-0.00222778   4.85  0.62594      0.107353
-0.00205231   4.86  0.586253     0.106067
0.00109863    4.87  0.627959     0.110774
0.001297      4.88  0.590377     0.102472
-0.00285339   4.89  0.62778      0.109297
0.00495911    4.9   0.599345     0.10309
-0.00379944   4.91  0.558092     0.104715
0.00189972    4.92  0.563938     0.10142
0.00062561    4.93  0.645931     0.106261
0.000991821   4.94  0.606786     0.0978102
0.000419617   4.95  0.562282     0.102793
0.00398254    4.96  0.594711     0.0951088
0.00274658    4.97  0.571518     0.0916197
-0.00314331   4.98  0.54466      0.0935032
-0.00357056   4.99  0.581773     0.103169
-0.00375366   5     0.558721     0.0968595
