1             0     -nan         -nan
1             0.01  0            0
1             0.02  0            0
1             0.03  0            0
1             0.04  0            0
1             0.05  0            0
1             0.06  0            0
1             0.07  0            0
1             0.08  0            0
1             0.09  0            0
1             0.1   0            0
1             0.11  0            0
1             0.12  0            0
1             0.13  0            0
1             0.14  0            0
1             0.15  0            0
1             0.16  0            0
1             0.17  0            0
1             0.18  0            0
1             0.19  0            0
1             0.2   0            0
1             0.21  0            0
1             0.22  0            0
1             0.23  0            0
1             0.24  0            0
1             0.25  0            0
1             0.26  0            0
1             0.27  0            0
1             0.28  0            0
1             0.29  0            0
1             0.3   0            0
1             0.31  0            0
1             0.32  0            0
1             0.33  0            0
1             0.34  0            0
1             0.35  0            0
1             0.36  0            0
1             0.37  0            0
1             0.38  0            0
1             0.39  0            0
1             0.4   0            0
1             0.41  0            0
1             0.42  0            0
1             0.43  0            0
1             0.44  0            0
1             0.45  0            0
1             0.46  0            0
1             0.47  0            0
1             0.48  0            0
1             0.49  0            0
1             0.5   0            0
1             0.51  0            0
1             0.52  0            0
1             0.53  0            0
0.999998      0.54  7.05736e-06  0.000209107
0.999998      0.55  6.92904e-06  0.000201572
0.999998      0.56  6.80531e-06  0.000194437
1             0.57  0            0
1             0.58  0            0
0.999996      0.59  1.29059e-05  0.000349991
0.999998      0.6   6.35162e-06  0.000169377
1             0.61  0            0
1             0.62  0            0
0.999994      0.63  1.8112e-05   0.000459987
0.99999       0.64  2.96568e-05  0.00074142
0.99999       0.65  2.92005e-05  0.000718783
0.999989      0.66  3.44759e-05  0.000835779
0.999987      0.67  3.95826e-05  0.000945256
0.999983      0.68  6.12646e-05  0.00144152
0.999983      0.69  4.93196e-05  0.00114364
0.999977      0.7   7.55276e-05  0.00150979
0.999969      0.71  8.46218e-05  0.00190697
0.999968      0.72  0.000109767  0.00223515
0.999958      0.73  0.000112494  0.00246561
0.999977      0.74  6.1135e-05   0.00132184
0.999952      0.75  0.000134225  0.0026762
0.999943      0.76  0.000146169  0.00307723
0.99992       0.77  0.000209448  0.00417622
0.99991       0.78  0.000248654  0.0045875
0.999897      0.79  0.000275973  0.00542332
0.999908      0.8   0.000237226  0.00441959
0.999884      0.81  0.000279585  0.00552267
0.99988       0.82  0.000302962  0.00575816
0.999878      0.83  0.000321721  0.00575314
0.999872      0.84  0.000329772  0.00628138
0.99988       0.85  0.000301245  0.00552783
0.999819      0.86  0.000453268  0.00815929
0.999786      0.87  0.000489991  0.00861427
0.999733      0.88  0.000688637  0.0118844
0.999748      0.89  0.000612856  0.0106427
0.999704      0.9   0.000667733  0.0116298
0.999697      0.91  0.000630102  0.0109612
0.99967       0.92  0.000695653  0.011642
0.999605      0.93  0.000874326  0.0141672
0.999533      0.94  0.00105668   0.0170475
0.999538      0.95  0.00102318   0.0164124
0.999498      0.96  0.00111839   0.0177815
0.999445      0.97  0.00121246   0.0189457
0.999311      0.98  0.00147035   0.0220783
0.999331      0.99  0.0015054    0.0222699
0.999306      1     0.00142139   0.0215051
0.999172      1.01  0.00185847   0.0273
0.999102      1.02  0.00175161   0.0256987
0.999088      1.03  0.00180317   0.0265092
0.999018      1.04  0.00199535   0.0282954
0.99897       1.05  0.00200993   0.0290576
0.998892      1.06  0.00215693   0.0302308
0.998751      1.07  0.00268109   0.0374438
0.998634      1.08  0.00294353   0.0394482
0.998493      1.09  0.00301861   0.0397877
0.998388      1.1   0.0031756    0.0410328
0.998194      1.11  0.0035233    0.0446739
0.998219      1.12  0.00354252   0.045684
0.997942      1.13  0.00428072   0.0536079
0.997942      1.14  0.00390185   0.0490704
0.997797      1.15  0.00418702   0.0512083
0.997715      1.16  0.00464483   0.0566644
0.997622      1.17  0.004716     0.0547605
0.997467      1.18  0.00496476   0.0595248
0.997179      1.19  0.00519577   0.0615775
0.996939      1.2   0.00651471   0.0738661
0.996737      1.21  0.00640646   0.0704558
0.996517      1.22  0.00713496   0.0790766
0.996572      1.23  0.006809     0.074592
0.996229      1.24  0.00759887   0.0815072
0.996069      1.25  0.00739391   0.0819591
0.995808      1.26  0.00752049   0.0806706
0.995556      1.27  0.00848347   0.0904365
0.995369      1.28  0.0100106    0.0975582
0.995216      1.29  0.00860335   0.0909827
0.994659      1.3   0.00994682   0.101735
0.994371      1.31  0.0102056    0.0992723
0.994469      1.32  0.010904     0.107462
0.993999      1.33  0.0115722    0.111951
0.993563      1.34  0.0122507    0.115563
0.99334       1.35  0.0123928    0.116741
0.993044      1.36  0.0123027    0.116072
0.992697      1.37  0.0139261    0.127067
0.992132      1.38  0.0149718    0.132451
0.991749      1.39  0.0167691    0.142838
0.991135      1.4   0.01526      0.129279
0.99069       1.41  0.0183084    0.150261
0.990513      1.42  0.017121     0.144232
0.990196      1.43  0.0194139    0.15425
0.989765      1.44  0.0211104    0.173587
0.988928      1.45  0.0209697    0.167129
0.988705      1.46  0.0208446    0.166934
0.98815       1.47  0.0235119    0.181846
0.987778      1.48  0.0216302    0.16219
0.987299      1.49  0.0262676    0.202173
0.986433      1.5   0.02741      0.194377
0.985689      1.51  0.0302685    0.216441
0.985723      1.52  0.0277089    0.198541
0.984356      1.53  0.0323075    0.223642
0.984375      1.54  0.0305225    0.211689
0.983305      1.55  0.0315455    0.217784
0.982056      1.56  0.035819     0.241186
0.982037      1.57  0.0371803    0.240184
0.981255      1.58  0.03681      0.236059
0.980677      1.59  0.0401992    0.246786
0.97982       1.6   0.0451782    0.275738
0.978361      1.61  0.0459958    0.281426
0.977524      1.62  0.0520163    0.293267
0.977077      1.63  0.051746     0.292741
0.976421      1.64  0.0513278    0.285161
0.975498      1.65  0.0578168    0.29706
0.974316      1.66  0.0567352    0.307735
0.97353       1.67  0.0601287    0.313225
0.972225      1.68  0.0642643    0.324495
0.971449      1.69  0.0710926    0.342771
0.969681      1.7   0.0657462    0.331364
0.968601      1.71  0.0739919    0.351891
0.967928      1.72  0.0801654    0.380403
0.966599      1.73  0.0683149    0.323986
0.965376      1.74  0.0792075    0.374879
0.96467       1.75  0.0860441    0.397574
0.963354      1.76  0.0819929    0.365413
0.961536      1.77  0.0915004    0.399056
0.960258      1.78  0.104223     0.408469
0.958082      1.79  0.111868     0.44408
0.956497      1.8   0.110239     0.412737
0.954657      1.81  0.122263     0.466327
0.953724      1.82  0.128136     0.454795
0.951757      1.83  0.142126     0.468222
0.949987      1.84  0.137467     0.478482
0.948803      1.85  0.145288     0.467373
0.946468      1.86  0.165655     0.518113
0.944571      1.87  0.166642     0.513273
0.943224      1.88  0.179863     0.554464
0.940695      1.89  0.191884     0.552552
0.938295      1.9   0.192175     0.57755
0.936485      1.91  0.224699     0.609978
0.934753      1.92  0.216502     0.60227
0.931688      1.93  0.231792     0.579855
0.929392      1.94  0.245611     0.605866
0.926298      1.95  0.256084     0.60432
0.924175      1.96  0.265732     0.66932
0.921236      1.97  0.285892     0.661879
0.919834      1.98  0.27287      0.649879
0.916157      1.99  0.304916     0.681015
0.91218       2     0.333385     0.67262
0.909395      2.01  0.364043     0.704316
0.906336      2.02  0.389966     0.734975
0.901331      2.03  0.442538     0.788244
0.898163      2.04  0.428038     0.800368
0.892567      2.05  0.556358     0.827689
0.888767      2.06  0.54579      0.804319
0.886782      2.07  0.58025      0.794914
0.882521      2.08  0.655329     0.897733
0.876898      2.09  0.716937     0.85703
0.87178       2.1   0.80668      0.927939
0.866438      2.11  0.855603     0.939927
0.86231       2.12  0.868322     0.961809
0.855438      2.13  0.996438     1.00064
0.849676      2.14  1.1235       0.962993
0.844652      2.15  1.12562      1.04656
0.838152      2.16  1.36197      1.15889
0.832613      2.17  1.32906      1.14154
0.82555       2.18  1.38904      1.00669
0.815048      2.19  1.73679      1.21833
0.807322      2.2   1.83119      1.17168
0.800617      2.21  2.06959      1.28673
0.792747      2.22  2.4612       1.18041
0.786169      2.23  2.6238       1.43023
0.771633      2.24  2.97706      1.46559
0.76116       2.25  3.22651      1.45425
0.74737       2.26  3.26177      1.33302
0.734083      2.27  3.67584      1.45492
0.72328       2.28  3.78673      1.37648
0.709856      2.29  4.20922      1.41326
0.695181      2.3   4.88483      1.42082
0.679865      2.31  5.57931      1.57003
0.667904      2.32  6.16377      1.52007
0.648438      2.33  6.7298       1.61295
0.632881      2.34  7.06344      1.48256
0.614702      2.35  7.33986      1.52983
0.594587      2.36  8.20243      1.45143
0.574181      2.37  9.25579      1.61319
0.552788      2.38  9.95645      1.56107
0.530861      2.39  11.1811      1.49168
0.508097      2.4   12.1485      1.44776
0.483936      2.41  12.9059      1.41946
0.457375      2.42  13.9864      1.48058
0.434772      2.43  14.1467      1.255
0.41061       2.44  15.2         1.35727
0.379477      2.45  15.0561      1.2063
0.356649      2.46  16.1816      1.27095
0.328402      2.47  16.8693      1.16559
0.30155       2.48  17.4937      1.09657
0.274107      2.49  18.4573      1.07147
0.249205      2.5   18.1199      1.02638
0.224277      2.51  18.4197      1.00663
0.198761      2.52  17.8574      0.894605
0.178793      2.53  17.5331      0.869829
0.159624      2.54  17.5473      0.914472
0.133333      2.55  16.5907      0.832543
0.119997      2.56  17.0956      0.821223
0.106831      2.57  16.7925      0.80813
0.0873051     2.58  16.2271      0.713103
0.0755978     2.59  14.7922      0.71313
0.0636482     2.6   15.668       0.739742
0.0494423     2.61  14.4008      0.726004
0.0430717     2.62  13.3168      0.704187
0.0418968     2.63  11.9595      0.726155
0.0346012     2.64  11.8026      0.62009
0.0261402     2.65  10.8474      0.644408
0.0175743     2.66  10.5414      0.646983
0.00756836    2.67  10.2514      0.662708
0.0121136     2.68  10.1549      0.619536
0.0129662     2.69  9.52978      0.535983
0.010519      2.7   9.65906      0.579454
0.00777626    2.71  8.85537      0.576506
0.00145912    2.72  7.93585      0.565918
-0.00197411   2.73  7.06235      0.559196
0.00405502    2.74  7.26384      0.612863
0.0038929     2.75  7.42741      0.549439
0.00644493    2.76  7.21847      0.528247
0.00439644    2.77  7.18259      0.530462
0.00577354    2.78  6.9859       0.501943
0.0078373     2.79  6.65283      0.539408
0.00735092    2.8   6.31291      0.471283
-0.00186348   2.81  5.92084      0.526557
-0.00490379   2.82  5.63236      0.513709
-0.00250053   2.83  5.76668      0.506422
0.000179291   2.84  5.74379      0.493879
-0.00392342   2.85  5.27116      0.480964
-0.00364876   2.86  5.20773      0.447958
-0.00139427   2.87  4.92403      0.506847
-8.58307e-05  2.88  4.64566      0.453812
-0.00662994   2.89  4.63661      0.462854
-0.00383186   2.9   4.72841      0.457792
-0.0044899    2.91  4.26763      0.433838
0.0012989     2.92  4.44036      0.40882
-0.000494003  2.93  4.61231      0.448902
0.00451469    2.94  4.64789      0.437206
0.00190735    2.95  4.07995      0.427232
-0.00173569   2.96  4.26208      0.442295
-0.000745773  2.97  3.95003      0.391323
0.00216484    2.98  4.01771      0.403752
-0.00337219   2.99  3.79692      0.388684
0.000482559   3     3.95007      0.425859
0.000907898   3.01  3.85237      0.360955
-0.00030899   3.02  3.8393       0.403986
-0.00165367   3.03  3.68054      0.354112
0.00227737    3.04  3.52151      0.38849
0.0100288     3.05  3.41163      0.378579
0.00533867    3.06  3.27771      0.336473
0.00235558    3.07  3.30558      0.389968
-0.000396729  3.08  3.07051      0.361176
0.00180244    3.09  3.00106      0.33764
2.47955e-05   3.1   3.02598      0.376114
0.0051899     3.11  3.09572      0.399854
0.00338554    3.12  3.07682      0.362152
-0.0027523    3.13  3.11066      0.366899
-0.00357819   3.14  2.77406      0.351699
-0.0088768    3.15  2.94638      0.34682
-0.00525093   3.16  2.68414      0.339001
0.00161362    3.17  2.78489      0.352971
-0.00389862   3.18  2.83043      0.306491
0.00251198    3.19  2.80378      0.32766
-0.00271225   3.2   2.66132      0.319795
0.00642586    3.21  2.63431      0.341639
0.0037384     3.22  2.60458      0.307972
0.00414276    3.23  2.50401      0.316777
0.000427246   3.24  2.55406      0.291185
-0.000530243  3.25  2.3832       0.311552
0.000951767   3.26  2.48302      0.305241
0.00281906    3.27  2.32909      0.309412
0.00557709    3.28  2.26471      0.289474
0.00400352    3.29  2.33732      0.30183
0.0026722     3.3   2.28411      0.29453
0.00130081    3.31  2.11506      0.289193
0.00176811    3.32  2.18741      0.269426
0.0010376     3.33  2.28947      0.298246
0.00197601    3.34  2.0994       0.2842
-4.19617e-05  3.35  2.29188      0.277675
0.00313377    3.36  2.04771      0.276319
-0.00112724   3.37  2.12285      0.270973
-0.00192833   3.38  2.10453      0.265945
-0.00322914   3.39  1.94285      0.271552
0.00272751    3.4   1.90628      0.280463
0.00411415    3.41  1.91696      0.262429
-0.000934601  3.42  1.77635      0.274414
0.00230789    3.43  1.83113      0.278557
-0.000204086  3.44  1.85882      0.264499
-0.00685883   3.45  1.85461      0.260427
-0.00526047   3.46  2.01955      0.258438
0.000999451   3.47  1.77012      0.259318
-0.00213051   3.48  1.85407      0.251225
0.00185776    3.49  1.74255      0.237586
0.0022068     3.5   1.75484      0.238497
0.0029583     3.51  1.81164      0.263907
0.00196075    3.52  1.70626      0.239799
0.0001297     3.53  1.55238      0.259025
0.000650406   3.54  1.69715      0.249849
0.00144005    3.55  1.73085      0.223342
0.000183105   3.56  1.68818      0.236151
0.00629234    3.57  1.63681      0.246824
-0.00137901   3.58  1.61533      0.236598
0.000753403   3.59  1.54633      0.2297
-0.00204277   3.6   1.52906      0.216853
-0.000360489  3.61  1.5157       0.216032
-0.00434113   3.62  1.67822      0.230432
-0.0028019    3.63  1.48071      0.219209
0.00341797    3.64  1.50986      0.227128
-0.00452042   3.65  1.47297      0.207268
-0.00236702   3.66  1.45151      0.194627
-0.00303841   3.67  1.43181      0.228385
-0.002285     3.68  1.34935      0.202259
-0.00337219   3.69  1.40295      0.220792
0.00239182    3.7   1.434        0.213461
0.00136948    3.71  1.5014       0.203505
0.00155258    3.72  1.33343      0.19878
-0.0010376    3.73  1.37128      0.21032
0.000682831   3.74  1.43398      0.208696
-0.00111198   3.75  1.36762      0.208697
0.000709534   3.76  1.3313       0.203265
0.00261116    3.77  1.32674      0.199964
-0.000562668  3.78  1.2922       0.225284
-0.00130081   3.79  1.2604       0.195091
0.000951767   3.8   1.24882      0.184004
0.00104332    3.81  1.24665      0.210276
0.00414467    3.82  1.29         0.207663
-0.00269318   3.83  1.2315       0.195516
0.00190163    3.84  1.30963      0.189168
0.000993729   3.85  1.21852      0.20096
-0.000608444  3.86  1.30845      0.18655
-0.000337601  3.87  1.11432      0.198537
-0.00091362   3.88  1.19427      0.176214
0.00310326    3.89  1.23786      0.184667
-0.00202179   3.9   1.17814      0.190695
0.0039444     3.91  1.10492      0.177377
6.48499e-05   3.92  1.16371      0.163608
0.00333595    3.93  1.13026      0.179993
-0.00192642   3.94  1.03581      0.17501
0.00238991    3.95  1.01336      0.17233
-0.00159073   3.96  1.13991      0.179113
0.00111198    3.97  1.00869      0.176027
-0.000833511  3.98  1.06267      0.154333
0.00836563    3.99  1.02913      0.163262
-0.00228882   4     1.14653      0.152794
-0.00414467   4.01  1.06837      0.156487
0.000616074   4.02  1.05204      0.174825
-0.00174332   4.03  1.0344       0.168067
-0.000806808  4.04  0.989948     0.157969
-0.00105858   4.05  1.07346      0.158108
-0.00142288   4.06  0.916753     0.169081
0.000228882   4.07  0.995465     0.177156
0.00297928    4.08  0.958431     0.171164
-0.00310516   4.09  1.03552      0.16768
-0.00195122   4.1   0.949708     0.155483
-0.00450134   4.11  0.936748     0.159677
0.00173759    4.12  0.921254     0.165468
-0.00313377   4.13  0.946055     0.154992
0.000976562   4.14  0.915489     0.155266
-0.00156593   4.15  0.91223      0.147601
0.00028038    4.16  0.95469      0.150533
-0.00184631   4.17  1.05036      0.144493
0.00307655    4.18  0.935716     0.153056
0.00318336    4.19  0.97466      0.1515
0.000753403   4.2   0.948189     0.152303
-0.00233841   4.21  0.876275     0.155744
-0.000507355  4.22  0.862415     0.160314
0.00371742    4.23  0.915895     0.146046
0.00179863    4.24  0.868298     0.140204
0.00185585    4.25  0.935741     0.144714
-0.00127983   4.26  0.895726     0.147712
-0.00138664   4.27  0.845418     0.142233
-0.00309944   4.28  0.838205     0.143443
0.0031414     4.29  0.861478     0.141287
0.000917435   4.3   0.864997     0.140776
0.00322342    4.31  0.892819     0.141037
0.00234413    4.32  0.834041     0.143505
-0.00112534   4.33  0.809345     0.142672
0.000534058   4.34  0.807583     0.131184
-0.00113678   4.35  0.834452     0.124631
-0.00137329   4.36  0.832038     0.141903
3.24249e-05   4.37  0.806726     0.137069
0.00128365    4.38  0.808192     0.134412
-0.00105667   4.39  0.818469     0.132638
0.000114441   4.4   0.749373     0.12468
-0.00187111   4.41  0.784666     0.129142
-0.00178909   4.42  0.751365     0.141092
-0.00149155   4.43  0.751605     0.125857
-0.000614166  4.44  0.825218     0.131773
0.0025444     4.45  0.838855     0.127765
4.3869e-05    4.46  0.743926     0.128975
0.00203896    4.47  0.828871     0.129051
0.00197983    4.48  0.729947     0.135754
6.48499e-05   4.49  0.73725      0.125535
0.000402451   4.5   0.717432     0.120799
0.00122261    4.51  0.720651     0.130371
0.00424576    4.52  0.739154     0.128768
-0.00300026   4.53  0.723609     0.114599
6.10352e-05   4.54  0.711116     0.125206
-0.00237846   4.55  0.714335     0.123665
-0.000249863  4.56  0.771498     0.119363
-0.000648499  4.57  0.755992     0.117932
0.00447083    4.58  0.709422     0.114111
-0.000352859  4.59  0.73927      0.129059
0.0013752     4.6   0.685708     0.123992
0.00053978    4.61  0.699806     0.122098
0.00166702    4.62  0.723111     0.116013
0.000127792   4.63  0.686804     0.123527
0.00232887    4.64  0.700718     0.111781
-0.00396919   4.65  0.743169     0.117899
0.000720978   4.66  0.678355     0.106039
-0.00207901   4.67  0.672355     0.116558
0.000244141   4.68  0.653603     0.102395
0.00170517    4.69  0.645124     0.112995
-0.00094223   4.7   0.657219     0.116517
0.00128365    4.71  0.684497     0.114545
0.00147629    4.72  0.668992     0.10332
-0.000793457  4.73  0.731323     0.122424
-0.00139999   4.74  0.631342     0.113614
0.00269318    4.75  0.662928     0.10748
0.000419617   4.76  0.642105     0.118244
-0.00100136   4.77  0.647665     0.10493
-0.00206184   4.78  0.612371     0.11133
-0.000597     4.79  0.660406     0.102156
0.000720978   4.8   0.625991     0.103602
-0.000249863  4.81  0.632764     0.111504
0.00246239    4.82  0.617751     0.103436
-0.00126457   4.83  0.61548      0.105472
-0.00325775   4.84  0.64406      0.101296
0.00198936    4.85  0.706218     0.108136
0.00103188    4.86  0.561694     0.10297
-0.00264931   4.87  0.591238     0.0998908
-0.0018425    4.88  0.588475     0.109837
-0.00139809   4.89  0.607224     0.109381
0.00208855    4.9   0.601111     0.105181
-0.00171471   4.91  0.608791     0.106633
0.00120926    4.92  0.603998     0.0955883
0.00177002    4.93  0.59364      0.0987059
-0.00125504   4.94  0.594499     0.106825
0.0018692     4.95  0.587884     0.102014
-0.00231934   4.96  0.565017     0.102307
6.10352e-05   4.97  0.569867     0.0992418
0.00183678    4.98  0.591507     0.101422
0.00103378    4.99  0.577103     0.102926
-0.000135422  5     0.581384     0.0917509
