1             0     -nan         -nan
1             0.01  0            0
1             0.02  0            0
1             0.03  0            0
1             0.04  0            0
1             0.05  0            0
1             0.06  0            0
1             0.07  0            0
1             0.08  0            0
1             0.09  0            0
1             0.1   0            0
1             0.11  0            0
1             0.12  0            0
1             0.13  0            0
1             0.14  0            0
1             0.15  0            0
1             0.16  0            0
1             0.17  0            0
1             0.18  0            0
1             0.19  0            0
1             0.2   0            0
1             0.21  0            0
1             0.22  0            0
1             0.23  0            0
1             0.24  0            0
1             0.25  0            0
1             0.26  0            0
1             0.27  0            0
1             0.28  0            0
1             0.29  0            0
1             0.3   0            0
1             0.31  0            0
1             0.32  0            0
1             0.33  0            0
1             0.34  0            0
1             0.35  0            0
1             0.36  0            0
1             0.37  0            0
1             0.38  0            0
1             0.39  0            0
1             0.4   0            0
1             0.41  0            0
1             0.42  0            0
1             0.43  0            0
1             0.44  0            0
1             0.45  0            0
1             0.46  0            0
1             0.47  0            0
1             0.48  0            0
1             0.49  0            0
1             0.5   0            0
1             0.51  0            0
1             0.52  0            0
1             0.53  1.79763e-06  5.4268e-05
0.999999      0.54  3.52523e-06  0.000104451
1             0.55  1.73226e-06  5.0393e-05
0.999999      0.56  5.094e-06    0.000145543
0.999999      0.57  5.00463e-06  0.000140481
0.999995      0.58  1.62821e-05  0.000449161
0.999999      0.59  3.22648e-06  8.74978e-05
0.999995      0.6   2.04751e-05  0.000472274
0.999997      0.61  1.24522e-05  0.000255084
0.999994      0.62  2.89716e-05  0.000550149
0.999993      0.63  2.0903e-05   0.00053087
0.999993      0.64  2.79848e-05  0.00057029
0.999989      0.65  4.02561e-05  0.000866172
0.999981      0.66  5.99871e-05  0.00133426
0.999982      0.67  6.21498e-05  0.00130933
0.999981      0.68  6.79318e-05  0.00139594
0.999976      0.69  9.73853e-05  0.00171909
0.99998       0.7   7.12222e-05  0.00130835
0.999968      0.71  0.000140521  0.00215799
0.999968      0.72  9.46845e-05  0.00200496
0.999962      0.73  0.000106798  0.00219711
0.999963      0.74  0.000104659  0.00214167
0.999959      0.75  0.000123059  0.00241725
0.999942      0.76  0.000177515  0.00349868
0.999943      0.77  0.000150075  0.00295364
0.999921      0.78  0.000223857  0.00407788
0.999914      0.79  0.000239456  0.00454525
0.999898      0.8   0.000278088  0.00539087
0.999903      0.81  0.000251204  0.00471057
0.999876      0.82  0.000325053  0.00610442
0.999871      0.83  0.000330087  0.0060661
0.99985       0.84  0.000387958  0.00721185
0.999834      0.85  0.000394994  0.00707187
0.999817      0.86  0.000436916  0.00793765
0.999781      0.87  0.000538617  0.00970776
0.999764      0.88  0.000574066  0.0097099
0.999739      0.89  0.00066943   0.010783
0.999725      0.9   0.00069287   0.0118582
0.999699      0.91  0.000679279  0.0114145
0.999661      0.92  0.000811999  0.0135073
0.999624      0.93  0.000895294  0.0145886
0.999578      0.94  0.000896253  0.0145048
0.999549      0.95  0.000980684  0.0153745
0.999459      0.96  0.00125983   0.0197592
0.999465      0.97  0.00121305   0.0188267
0.999406      0.98  0.00126885   0.019795
0.999338      0.99  0.00143977   0.0219171
0.999311      1     0.00151244   0.022578
0.999258      1.01  0.00167281   0.0245816
0.999153      1.02  0.00166402   0.0237404
0.999089      1.03  0.00194939   0.0283934
0.999004      1.04  0.00195727   0.028201
0.998972      1.05  0.00210155   0.0292271
0.998869      1.06  0.00244457   0.0336637
0.998746      1.07  0.00267327   0.0366238
0.998656      1.08  0.00263761   0.0355101
0.998595      1.09  0.00252723   0.0341552
0.998446      1.1   0.00309813   0.0405419
0.998284      1.11  0.00342617   0.0445319
0.998241      1.12  0.00395199   0.0505652
0.998068      1.13  0.00398527   0.0493205
0.997948      1.14  0.00401693   0.0497881
0.997854      1.15  0.00404426   0.0500219
0.997749      1.16  0.00450984   0.0550166
0.997581      1.17  0.00471437   0.0572746
0.997375      1.18  0.00509812   0.0600125
0.997187      1.19  0.00561775   0.0610524
0.997088      1.2   0.00546502   0.0627077
0.996953      1.21  0.00598086   0.0690707
0.996785      1.22  0.00668245   0.0759168
0.996485      1.23  0.00796958   0.0870845
0.996229      1.24  0.00729194   0.0781123
0.996046      1.25  0.00742419   0.080736
0.995809      1.26  0.0082476    0.0869404
0.995595      1.27  0.00827712   0.0864217
0.995415      1.28  0.0086559    0.0879876
0.995079      1.29  0.00952325   0.0962066
0.994833      1.3   0.0105383    0.102442
0.994581      1.31  0.0108435    0.107479
0.994239      1.32  0.0105216    0.102557
0.993942      1.33  0.0112198    0.10845
0.993531      1.34  0.0138418    0.128561
0.993378      1.35  0.0124811    0.119236
0.99306       1.36  0.0127822    0.118133
0.992644      1.37  0.0154911    0.140295
0.99217       1.38  0.0163097    0.145869
0.991797      1.39  0.0163995    0.137598
0.991321      1.4   0.0175574    0.148972
0.991085      1.41  0.0179858    0.154196
0.990788      1.42  0.0178041    0.150925
0.990168      1.43  0.02039      0.167291
0.989895      1.44  0.0193735    0.159905
0.989259      1.45  0.0200535    0.15766
0.988825      1.46  0.0232206    0.185991
0.988102      1.47  0.0228414    0.170678
0.987523      1.48  0.0246093    0.185462
0.987092      1.49  0.0253112    0.185361
0.986603      1.5   0.0258509    0.18792
0.986292      1.51  0.0269994    0.193674
0.985583      1.52  0.0299525    0.224931
0.98489       1.53  0.0307232    0.220346
0.984217      1.54  0.0310281    0.215559
0.983621      1.55  0.0336899    0.227283
0.982817      1.56  0.0362876    0.239353
0.98208       1.57  0.0366192    0.24582
0.981449      1.58  0.0391024    0.243683
0.980624      1.59  0.0401732    0.252978
0.979908      1.6   0.0401319    0.239251
0.978888      1.61  0.0422246    0.251013
0.978291      1.62  0.0437821    0.257524
0.977463      1.63  0.0454119    0.275465
0.976321      1.64  0.0520532    0.292051
0.975577      1.65  0.0533778    0.289147
0.974479      1.66  0.055433     0.302789
0.973538      1.67  0.0585532    0.309109
0.972735      1.68  0.0576105    0.303113
0.971697      1.69  0.0688088    0.365664
0.970555      1.7   0.0735048    0.36592
0.969384      1.71  0.0702061    0.341533
0.968178      1.72  0.074809     0.368315
0.967145      1.73  0.0761857    0.380137
0.965926      1.74  0.0778154    0.367378
0.964499      1.75  0.0842094    0.380944
0.963314      1.76  0.08574      0.404908
0.961932      1.77  0.0874549    0.401564
0.960963      1.78  0.0878233    0.390004
0.959332      1.79  0.103972     0.44453
0.957723      1.8   0.110068     0.445903
0.956397      1.81  0.112106     0.439091
0.954488      1.82  0.114051     0.441924
0.953003      1.83  0.121983     0.460807
0.951759      1.84  0.121934     0.457303
0.950206      1.85  0.135696     0.500792
0.948295      1.86  0.131561     0.477383
0.946935      1.87  0.146123     0.512058
0.944872      1.88  0.149355     0.508814
0.942877      1.89  0.160784     0.527849
0.940684      1.9   0.176887     0.555032
0.938343      1.91  0.190925     0.58016
0.936195      1.92  0.187193     0.547664
0.934218      1.93  0.194569     0.562235
0.931492      1.94  0.224415     0.624152
0.928953      1.95  0.223736     0.589332
0.926566      1.96  0.250729     0.678904
0.923783      1.97  0.250938     0.630583
0.92068       1.98  0.273793     0.641278
0.91848       1.99  0.305897     0.727761
0.915298      2     0.29985      0.670208
0.912704      2.01  0.332347     0.744908
0.909774      2.02  0.344144     0.701401
0.906927      2.03  0.360845     0.752614
0.903958      2.04  0.379364     0.742112
0.900577      2.05  0.383225     0.732664
0.89738       2.06  0.428044     0.773213
0.893806      2.07  0.44616      0.774668
0.890729      2.08  0.459799     0.811968
0.886786      2.09  0.46921      0.820595
0.88211       2.1   0.472326     0.763441
0.877921      2.11  0.525172     0.843978
0.873335      2.12  0.534344     0.84348
0.869034      2.13  0.563585     0.858739
0.863957      2.14  0.657998     0.933246
0.859666      2.15  0.715607     0.961047
0.853973      2.16  0.73737      0.983271
0.849101      2.17  0.819647     1.02689
0.843335      2.18  0.86732      1.02225
0.837584      2.19  0.902225     1.03916
0.831792      2.2   0.998037     1.02822
0.825972      2.21  1.03649      1.03129
0.818606      2.22  1.10156      1.04334
0.812492      2.23  1.17519      1.05138
0.805937      2.24  1.24689      1.06045
0.799358      2.25  1.37867      1.1118
0.792737      2.26  1.42646      1.09463
0.785667      2.27  1.49103      1.07762
0.776947      2.28  1.56602      1.13465
0.769543      2.29  1.76224      1.21065
0.760246      2.3   1.78849      1.14821
0.751236      2.31  2.00069      1.18993
0.741537      2.32  2.17863      1.27087
0.731046      2.33  2.46085      1.33526
0.721726      2.34  2.59289      1.32339
0.710407      2.35  2.67738      1.21823
0.700195      2.36  2.93947      1.27951
0.689359      2.37  3.11799      1.31205
0.677481      2.38  3.17136      1.3078
0.665681      2.39  3.28728      1.31406
0.653407      2.4   3.37741      1.24501
0.640307      2.41  3.60843      1.22142
0.626882      2.42  3.89752      1.24648
0.612716      2.43  4.00226      1.21091
0.598901      2.44  4.21309      1.19569
0.583866      2.45  4.80154      1.33342
0.569798      2.46  5.1747       1.34592
0.555808      2.47  5.52968      1.28144
0.53927       2.48  5.79912      1.24762
0.522897      2.49  5.93135      1.20965
0.506476      2.5   6.2898       1.21019
0.491302      2.51  6.37799      1.18914
0.474907      2.52  6.73268      1.28808
0.458165      2.53  6.93679      1.0761
0.4405        2.54  7.38102      1.13989
0.423896      2.55  7.67672      1.09914
0.405845      2.56  7.93473      1.06736
0.389815      2.57  8.33047      1.02799
0.370965      2.58  8.69782      0.988823
0.352837      2.59  8.77954      1.02945
0.336145      2.6   8.70417      0.927215
0.318952      2.61  8.62891      0.892961
0.3004        2.62  8.85167      0.801234
0.283486      2.63  8.78728      0.826467
0.267119      2.64  8.71026      0.860094
0.250175      2.65  8.61367      0.793428
0.234268      2.66  8.65134      0.743518
0.217576      2.67  8.57322      0.794874
0.201847      2.68  8.74031      0.707804
0.188275      2.69  8.25186      0.659353
0.17321       2.7   8.18584      0.710709
0.158683      2.71  8.0175       0.671695
0.144765      2.72  8.33829      0.64514
0.132634      2.73  7.95021      0.65612
0.120615      2.74  7.76609      0.594248
0.110968      2.75  7.41533      0.594174
0.101781      2.76  6.94761      0.556952
0.0911264     2.77  7.11153      0.533532
0.0823798     2.78  7.10586      0.519714
0.0741272     2.79  7.12031      0.536549
0.0669427     2.8   6.58342      0.524788
0.0597997     2.81  6.47643      0.513589
0.0533528     2.82  6.29109      0.521264
0.0463681     2.83  6.16607      0.481586
0.0407062     2.84  5.798        0.49491
0.0361285     2.85  6.05443      0.49251
0.0319905     2.86  6.24191      0.528691
0.0280566     2.87  5.77821      0.489495
0.0233607     2.88  5.63196      0.479603
0.0204363     2.89  5.26376      0.437092
0.0172062     2.9   4.8147       0.461588
0.0140572     2.91  5.03699      0.439832
0.0113578     2.92  4.62501      0.424858
0.00956583    2.93  4.47685      0.417543
0.00812483    2.94  4.21695      0.443334
0.00700235    2.95  4.10933      0.434091
0.00632572    2.96  3.967        0.395242
0.0064249     2.97  3.98141      0.387044
0.00504398    2.98  3.97586      0.383694
0.00419855    2.99  3.86914      0.397882
0.00578403    3     3.91245      0.377569
0.00576782    3.01  3.63938      0.3557
0.00651598    3.02  3.73406      0.412492
0.00746536    3.03  3.78932      0.389628
0.00481272    3.04  3.62891      0.382322
0.00489616    3.05  3.64514      0.400323
0.00429964    3.06  3.5718       0.336414
0.00281477    3.07  3.34889      0.365107
0.00174093    3.08  3.34695      0.358494
0.00128603    3.09  3.29059      0.378745
3.62396e-05   3.1   3.06257      0.365843
0.000740051   3.11  2.94269      0.360603
0.000691891   3.12  3.09554      0.350447
0.00217581    3.13  2.83236      0.352338
0.000263214   3.14  2.90632      0.349472
0.00113916    3.15  2.94778      0.365348
0.000762463   3.16  2.94012      0.333146
0.000233173   3.17  2.8441       0.314075
-0.000619411  3.18  2.80477      0.326498
0.00142479    3.19  2.55876      0.339056
0.00104904    3.2   2.6994       0.297421
0.000550747   3.21  2.66306      0.320339
0.00152063    3.22  2.69832      0.330619
0.00025034    3.23  2.62211      0.302831
-0.000683308  3.24  2.53826      0.333879
-2.38419e-06  3.25  2.38815      0.274376
-1.09673e-05  3.26  2.37039      0.307599
-0.00114536   3.27  2.36772      0.29691
-0.00129747   3.28  2.30996      0.297006
-0.000411987  3.29  2.30059      0.289717
0.000291348   3.3   2.13744      0.286282
-0.000170708  3.31  2.17265      0.285973
2.67029e-05   3.32  2.17138      0.292671
-0.000251293  3.33  2.29617      0.281286
-0.0017333    3.34  2.16005      0.29352
-0.000508308  3.35  2.3258       0.292349
0.00106764    3.36  2.17554      0.272144
0.00247955    3.37  2.19903      0.280601
0.00138044    3.38  2.13435      0.266488
0.00164938    3.39  2.09488      0.273184
0.00178242    3.4   2.12224      0.28294
0.00034523    3.41  2.07048      0.283919
-0.000616074  3.42  1.89941      0.260865
5.48363e-05   3.43  1.86064      0.267802
-6.00815e-05  3.44  1.93598      0.272067
-0.000586033  3.45  1.92841      0.275063
-0.000463486  3.46  1.76899      0.264462
0.000912666   3.47  1.73384      0.232744
0.000602722   3.48  1.93041      0.262828
-0.00124168   3.49  1.80633      0.24479
-0.00107098   3.5   1.68911      0.237314
-0.000729561  3.51  1.62525      0.233729
-1.23978e-05  3.52  1.55651      0.254227
0.000640392   3.53  1.64212      0.248598
-0.00029707   3.54  1.70069      0.230344
0.000614643   3.55  1.72292      0.234366
-0.00133276   3.56  1.61277      0.234963
-0.00248432   3.57  1.5316       0.235172
-0.00210857   3.58  1.50905      0.224473
-0.0012908    3.59  1.66077      0.24982
-0.000563622  3.6   1.57976      0.232873
0.000670433   3.61  1.68864      0.237037
-0.000329971  3.62  1.59201      0.225946
-0.000142574  3.63  1.589        0.218336
-5.24521e-05  3.64  1.4532       0.211457
0.0021143     3.65  1.40058      0.229369
0.0016408     3.66  1.47089      0.238102
0.00103045    3.67  1.4747       0.21283
0.00191021    3.68  1.3995       0.196301
0.00181866    3.69  1.31059      0.205302
-9.91821e-05  3.7   1.36234      0.208956
-2.38419e-06  3.71  1.33899      0.205663
0.000237465   3.72  1.29746      0.210037
4.57764e-05   3.73  1.42141      0.212729
0.000709534   3.74  1.39494      0.200174
0.000177383   3.75  1.35127      0.213544
0.000425816   3.76  1.3732       0.197257
9.63211e-05   3.77  1.32929      0.197663
0.000105858   3.78  1.21752      0.183781
-0.00109959   3.79  1.30601      0.189028
-0.000810623  3.8   1.27136      0.191633
-0.000164509  3.81  1.21046      0.194289
0.00100374    3.82  1.3767       0.208746
-0.000309467  3.83  1.23333      0.189969
-0.0010972    3.84  1.24299      0.190989
2.00272e-05   3.85  1.25265      0.184655
0.000750065   3.86  1.2238       0.197233
0.000338554   3.87  1.19124      0.176553
-0.000274181  3.88  1.1322       0.175794
-0.000575066  3.89  1.15462      0.202522
0.000992775   3.9   1.16733      0.17057
0.000877857   3.91  1.18769      0.17526
-1.23978e-05  3.92  1.20704      0.165879
0.00039053    3.93  1.1326       0.186635
-6.77109e-05  3.94  1.22001      0.185493
-0.00175238   3.95  1.09174      0.171005
-0.00113678   3.96  1.08112      0.178632
0.000493526   3.97  1.08316      0.166789
0.00107384    3.98  1.08678      0.173199
0.00113058    3.99  1.09896      0.155441
0.000830173   4     1.0097       0.177315
0.00105715    4.01  1.04288      0.173727
0.000746727   4.02  1.09127      0.162957
-8.10623e-06  4.03  1.00377      0.153138
-0.00151873   4.04  0.991845     0.154864
0.000460148   4.05  1.07986      0.177385
-0.000826836  4.06  0.995456     0.168588
-0.0014472    4.07  1.02968      0.160064
0.000594139   4.08  0.977651     0.166706
0.000688076   4.09  0.938584     0.156952
-0.000101089  4.1   0.934636     0.148138
8.4877e-05    4.11  0.919031     0.158049
0.000234127   4.12  0.905064     0.16474
0.0009408     4.13  0.93081      0.154278
-2.86102e-06  4.14  0.898141     0.157267
-0.00270796   4.15  0.991736     0.148184
-0.00155878   4.16  0.936331     0.143428
-0.000245571  4.17  0.936895     0.152602
-0.000768661  4.18  0.957851     0.153142
0.000225544   4.19  0.898291     0.161767
-0.000939846  4.2   0.880264     0.163123
-0.00121164   4.21  0.859411     0.152436
-5.57899e-05  4.22  0.900696     0.148816
-0.000287056  4.23  0.828254     0.152656
0.00110197    4.24  0.853151     0.15285
-0.000593185  4.25  0.876506     0.14387
0.00110483    4.26  0.811242     0.142442
0.00054121    4.27  0.864481     0.145175
-0.000500679  4.28  0.929959     0.144474
-2.38419e-05  4.29  0.8952       0.148345
-0.000402927  4.3   0.808518     0.139423
0.000330448   4.31  0.918069     0.147526
0.000879288   4.32  0.79259      0.148667
-0.000252724  4.33  0.813971     0.130566
0.000540733   4.34  0.866313     0.138859
0.000184059   4.35  0.832204     0.129734
-0.000776768  4.36  0.781693     0.124691
-0.000556946  4.37  0.805436     0.140903
-1.4782e-05   4.38  0.817589     0.138532
0.000642776   4.39  0.837523     0.130756
-0.000905037  4.4   0.810299     0.132359
-0.00106287   4.41  0.76214      0.14294
0.00119305    4.42  0.840917     0.129237
-3.52859e-05  4.43  0.781558     0.135319
0.00164986    4.44  0.795621     0.126745
-0.000442982  4.45  0.797751     0.124687
-0.00013113   4.46  0.81787      0.126333
-0.000449181  4.47  0.795985     0.12353
-0.000652313  4.48  0.781172     0.12223
2.86102e-06   4.49  0.682062     0.131459
0.000337124   4.5   0.718398     0.13171
-0.000605106  4.51  0.730897     0.129304
-5.19753e-05  4.52  0.76557      0.114007
0.000145435   4.53  0.747565     0.120163
-0.0010829    4.54  0.729192     0.118102
-0.000690937  4.55  0.682338     0.125285
-0.000482559  4.56  0.720753     0.125425
-0.000606537  4.57  0.71465      0.114736
-0.000567913  4.58  0.770458     0.115855
0.000699043   4.59  0.733414     0.119426
0.00109529    4.6   0.723141     0.120029
0.0002141     4.61  0.727338     0.121079
0.000105858   4.62  0.745044     0.123209
0.000272274   4.63  0.739115     0.123948
0.000598431   4.64  0.729398     0.115324
3.52859e-05   4.65  0.684817     0.102568
-0.00049305   4.66  0.672683     0.116785
-5.00679e-05  4.67  0.704639     0.115894
-0.00155878   4.68  0.703604     0.124268
-0.00179148   4.69  0.703092     0.110151
0.000436306   4.7   0.632615     0.114177
-8.96454e-05  4.71  0.717096     0.110047
0.000595093   4.72  0.633662     0.111924
0.00157166    4.73  0.714555     0.111208
0.000641346   4.74  0.675455     0.108154
0.000117779   4.75  0.67388      0.112301
-0.00102854   4.76  0.632494     0.108267
0.000573635   4.77  0.632539     0.10728
-0.00112534   4.78  0.62041      0.102673
0.00013876    4.79  0.680579     0.112585
-0.000663757  4.8   0.649071     0.105257
-0.000795841  4.81  0.656871     0.119156
-0.000767708  4.82  0.610648     0.116976
0.00163889    4.83  0.590145     0.111085
0.000452995   4.84  0.595252     0.106344
-0.000185013  4.85  0.586598     0.102635
-0.000610828  4.86  0.59061      0.105966
1.38283e-05   4.87  0.550872     0.107341
-0.000118256  4.88  0.592733     0.108443
-0.000597477  4.89  0.559247     0.101505
-0.000360489  4.9   0.619618     0.104401
0.000451565   4.91  0.596507     0.098385
0.000355721   4.92  0.596275     0.0991259
0.00107813    4.93  0.589747     0.0947408
0.00086832    4.94  0.594243     0.107163
0.000789642   4.95  0.583713     0.108011
-0.000402451  4.96  0.610644     0.105601
0.000236034   4.97  0.55293      0.101704
0.000369072   4.98  0.580178     0.095498
0.000665188   4.99  0.588197     0.0989456
0.000595093   5     0.587119     0.100291
