1             0     -nan         -nan
1             0.01  0            0
1             0.02  0            0
1             0.03  0            0
1             0.04  0            0
1             0.05  0            0
1             0.06  0            0
1             0.07  0            0
1             0.08  0            0
1             0.09  0            0
1             0.1   0            0
1             0.11  0            0
1             0.12  0            0
1             0.13  0            0
1             0.14  0            0
1             0.15  0            0
1             0.16  0            0
1             0.17  0            0
1             0.18  0            0
1             0.19  0            0
1             0.2   0            0
1             0.21  0            0
1             0.22  0            0
1             0.23  0            0
1             0.24  0            0
1             0.25  0            0
1             0.26  0            0
1             0.27  0            0
1             0.28  0            0
1             0.29  0            0
1             0.3   0            0
1             0.31  0            0
1             0.32  0            0
1             0.33  0            0
1             0.34  0            0
1             0.35  0            0
1             0.36  0            0
1             0.37  0            0
1             0.38  0            0
1             0.39  0            0
1             0.4   0            0
1             0.41  0            0
1             0.42  0            0
1             0.43  0            0
1             0.44  0            0
1             0.45  0            0
1             0.46  0            0
0.999999      0.47  4.05026e-06  0.000137881
1             0.48  0            0
1             0.49  0            0
1             0.5   0            0
1             0.51  0            0
1             0.52  0            0
1             0.53  0            0
0.999997      0.54  1.75985e-05  0.000338853
0.999999      0.55  3.46113e-06  0.000100688
0.999999      0.56  3.39933e-06  9.71236e-05
0.999998      0.57  6.66631e-06  0.000187124
0.999999      0.58  3.28211e-06  9.05409e-05
0.999995      0.59  1.60061e-05  0.000434064
0.999995      0.6   2.8455e-05   0.000463592
0.999996      0.61  1.24095e-05  0.000325495
0.999996      0.62  1.22093e-05  0.00031508
0.999994      0.63  1.79524e-05  0.000455933
0.99999       0.64  3.20782e-05  0.000801956
0.999985      0.65  4.54829e-05  0.00111958
0.99999       0.66  3.41146e-05  0.000705753
0.999982      0.67  5.77754e-05  0.00126323
0.999986      0.68  4.08412e-05  0.00096097
0.999977      0.69  6.87613e-05  0.00159446
0.999977      0.7   6.7779e-05   0.00154923
0.999978      0.71  5.90117e-05  0.00132984
0.999963      0.72  0.000121936  0.0025125
0.999954      0.73  0.00013456   0.00285437
0.999964      0.74  9.58306e-05  0.00207201
0.999943      0.75  0.000144879  0.00309075
0.999952      0.76  0.000143345  0.00293047
0.999937      0.77  0.000196908  0.00387315
0.99993       0.78  0.00017751   0.00347988
0.999907      0.79  0.000238112  0.00459338
0.999917      0.8   0.000215094  0.0042265
0.999883      0.81  0.000300116  0.00571734
0.999888      0.82  0.000279738  0.00538922
0.999851      0.83  0.000364163  0.00673914
0.99985       0.84  0.000365251  0.00666388
0.999829      0.85  0.000422803  0.00761611
0.999804      0.86  0.000477097  0.00872367
0.999823      0.87  0.000456952  0.00812366
0.999757      0.88  0.00058087   0.0101362
0.99975       0.89  0.000617059  0.0109114
0.999721      0.9   0.000753034  0.0123954
0.999687      0.91  0.000775253  0.0132332
0.999646      0.92  0.000771585  0.0131615
0.9996        0.93  0.000861604  0.0142499
0.999578      0.94  0.000844975  0.0134771
0.999515      0.95  0.0011504    0.0186941
0.999521      0.96  0.000981102  0.0156886
0.999448      0.97  0.00123139   0.0193861
0.999364      0.98  0.00147542   0.0232705
0.999382      0.99  0.0013638    0.0209085
0.999284      1     0.00165832   0.0241508
0.999234      1.01  0.00143071   0.0212756
0.999113      1.02  0.00201719   0.0273524
0.999119      1.03  0.00191562   0.0277997
0.998954      1.04  0.00203681   0.0284517
0.998898      1.05  0.00216887   0.0308423
0.998863      1.06  0.00205647   0.028746
0.998778      1.07  0.00243142   0.033569
0.998681      1.08  0.00273613   0.0366216
0.998485      1.09  0.00303341   0.0392996
0.998447      1.1   0.00274566   0.0365673
0.998358      1.11  0.00338929   0.0431345
0.998151      1.12  0.00358274   0.04721
0.998019      1.13  0.00403642   0.0499437
0.997958      1.14  0.00373122   0.0466947
0.997793      1.15  0.00440482   0.0530018
0.997674      1.16  0.00495319   0.0598626
0.997443      1.17  0.00514235   0.0596844
0.997296      1.18  0.00561422   0.0655136
0.997212      1.19  0.00553875   0.0649661
0.99699       1.2   0.00561431   0.0634356
0.996825      1.21  0.0063305    0.070391
0.996543      1.22  0.00633133   0.0710633
0.996533      1.23  0.00709893   0.0772061
0.996248      1.24  0.00636      0.0688331
0.995936      1.25  0.00807163   0.0867874
0.995843      1.26  0.00694503   0.0743909
0.995506      1.27  0.00836962   0.0844152
0.995278      1.28  0.00977697   0.0970242
0.994895      1.29  0.00949973   0.0970804
0.994762      1.3   0.0100528    0.0998339
0.994452      1.31  0.0113049    0.115151
0.994212      1.32  0.0121493    0.11587
0.993934      1.33  0.0104905    0.0959614
0.993521      1.34  0.0133526    0.122477
0.993193      1.35  0.0135778    0.12764
0.992816      1.36  0.0141323    0.128833
0.992411      1.37  0.0162877    0.140993
0.992173      1.38  0.0144717    0.130231
0.991771      1.39  0.0153027    0.135934
0.99122       1.4   0.0150678    0.127702
0.990972      1.41  0.0180967    0.154323
0.99067       1.42  0.0183684    0.152585
0.990041      1.43  0.0188741    0.151183
0.989607      1.44  0.019519     0.153466
0.98934       1.45  0.0208487    0.168391
0.988525      1.46  0.0231573    0.177193
0.988225      1.47  0.0214819    0.168342
0.987497      1.48  0.0230742    0.168344
0.987246      1.49  0.0272053    0.199316
0.986593      1.5   0.0278537    0.196578
0.985976      1.51  0.0265173    0.184745
0.985421      1.52  0.0261088    0.18897
0.984618      1.53  0.0319911    0.227364
0.983877      1.54  0.0325733    0.214354
0.983594      1.55  0.0315031    0.20269
0.982647      1.56  0.0385348    0.260314
0.981659      1.57  0.038181     0.253438
0.981323      1.58  0.035595     0.228703
0.980529      1.59  0.0434027    0.258456
0.97969       1.6   0.0434963    0.277947
0.978975      1.61  0.0413364    0.254839
0.97794       1.62  0.0444147    0.261073
0.976707      1.63  0.0530482    0.302243
0.97611       1.64  0.0467444    0.266768
0.975143      1.65  0.0513476    0.293573
0.973728      1.66  0.0568832    0.31334
0.973022      1.67  0.0663141    0.362293
0.972678      1.68  0.0585919    0.308621
0.971207      1.69  0.0613213    0.329515
0.969978      1.7   0.0704102    0.342498
0.968652      1.71  0.0731533    0.337307
0.967781      1.72  0.0829939    0.372768
0.966889      1.73  0.0876968    0.402508
0.96492       1.74  0.0874152    0.399754
0.963964      1.75  0.0916062    0.408436
0.962979      1.76  0.0834835    0.397784
0.96139       1.77  0.0851328    0.375173
0.959619      1.78  0.0875187    0.362227
0.958169      1.79  0.106951     0.440086
0.957144      1.8   0.119524     0.449053
0.954595      1.81  0.125764     0.460568
0.953969      1.82  0.127205     0.466483
0.95188       1.83  0.1393       0.496137
0.950386      1.84  0.123783     0.459115
0.948556      1.85  0.136863     0.473387
0.945925      1.86  0.164117     0.52975
0.944906      1.87  0.168354     0.553561
0.942395      1.88  0.195327     0.617021
0.940446      1.89  0.179093     0.535614
0.938163      1.9   0.220682     0.61824
0.93646       1.91  0.241469     0.644797
0.9338        1.92  0.240708     0.606392
0.931622      1.93  0.236825     0.613309
0.928932      1.94  0.258771     0.634001
0.926606      1.95  0.272126     0.641497
0.923184      1.96  0.309282     0.664538
0.920556      1.97  0.302689     0.72931
0.918246      1.98  0.294186     0.607808
0.914774      1.99  0.316366     0.713883
0.912496      2     0.344403     0.763724
0.907416      2.01  0.423124     0.800276
0.904735      2.02  0.465927     0.760528
0.90009       2.03  0.473369     0.756865
0.896622      2.04  0.551281     0.807424
0.893354      2.05  0.579745     0.862132
0.89044       2.06  0.575051     0.823468
0.884455      2.07  0.586467     0.849142
0.879593      2.08  0.641125     0.845426
0.874392      2.09  0.782317     0.896101
0.871132      2.1   0.866793     1.05562
0.866071      2.11  0.872981     0.958686
0.860215      2.12  0.974975     0.928311
0.851267      2.13  1.19966      1.09565
0.846874      2.14  1.23218      1.03002
0.837669      2.15  1.34661      1.08408
0.831471      2.16  1.52275      1.14187
0.823125      2.17  1.86092      1.10623
0.815512      2.18  1.99954      1.2019
0.807181      2.19  2.23664      1.30917
0.796782      2.2   2.5196       1.22354
0.789141      2.21  2.6344       1.30097
0.777445      2.22  2.92587      1.34107
0.767057      2.23  3.84529      1.51725
0.751184      2.24  4.3018       1.39326
0.737787      2.25  5.05455      1.41429
0.728489      2.26  5.7066       1.67755
0.714229      2.27  5.989        1.46819
0.694776      2.28  6.64366      1.62838
0.67922       2.29  7.35889      1.4965
0.658455      2.3   9.74161      1.79795
0.63874       2.31  10.2874      1.74029
0.615921      2.32  11.2933      1.53873
0.590257      2.33  12.8641      1.59109
0.565749      2.34  15.2849      1.77914
0.536937      2.35  17.5634      1.74526
0.508954      2.36  20.1107      1.72596
0.476374      2.37  21.5214      1.62729
0.442936      2.38  25.4422      1.6833
0.411782      2.39  27.2438      1.63855
0.369911      2.4   29.3452      1.51156
0.332909      2.41  32.3743      1.32138
0.298312      2.42  32.0929      1.39226
0.267524      2.43  30.1646      1.3537
0.238411      2.44  30.7498      1.11808
0.209558      2.45  30.8383      1.07606
0.178743      2.46  30.1392      1.0403
0.150683      2.47  31.9409      1.0544
0.119902      2.48  29.3341      1.03323
0.100223      2.49  27.1241      0.835362
0.0810099     2.5   23.9914      0.892627
0.0634356     2.51  24.4073      0.858558
0.0439758     2.52  24.0486      0.794797
0.0324965     2.53  22.5022      0.739795
0.0284033     2.54  19.8705      0.774169
0.0216217     2.55  18.1081      0.768851
0.0117569     2.56  16.1994      0.738705
0.0022049     2.57  16.8962      0.824944
0.0010519     2.58  16.5778      0.654102
0.00289822    2.59  15.5606      0.755703
0.00149345    2.6   14.2307      0.764621
-0.00358963   2.61  13.5646      0.658118
-0.00445175   2.62  12.071       0.645229
-0.00301838   2.63  12.2517      0.687817
-0.000498772  2.64  11.3376      0.662872
-9.44138e-05  2.65  10.4917      0.609754
-0.00219536   2.66  10.4518      0.552664
-0.00269127   2.67  9.43513      0.695634
-0.00221729   2.68  8.76642      0.585568
-0.000181198  2.69  8.93732      0.650062
0.00124836    2.7   9.66144      0.567964
-6.58035e-05  2.71  9.46343      0.644863
0.000346184   2.72  8.44164      0.613072
0.00212097    2.73  8.08727      0.48701
0.000536919   2.74  8.14679      0.546491
0.000985146   2.75  7.19261      0.569431
0.00266838    2.76  8.00985      0.484944
0.00659847    2.77  7.99697      0.512161
-0.00194645   2.78  7.08543      0.516094
0.00133133    2.79  7.32234      0.5158
0.00265789    2.8   7.10001      0.560199
0.00123405    2.81  6.11777      0.529469
-0.00546741   2.82  5.89254      0.487949
-0.00478745   2.83  5.80666      0.514149
-0.00159168   2.84  5.76318      0.461607
-0.00149155   2.85  5.80122      0.445688
-0.00249767   2.86  5.17053      0.483944
0.000956535   2.87  4.63696      0.450838
0.00162792    2.88  5.23641      0.431285
0.00402641    2.89  4.64213      0.427903
0.000276566   2.9   5.14382      0.419349
0.00202942    2.91  4.8164       0.4766
-0.002841     2.92  4.8822       0.397631
-0.00266075   2.93  4.66957      0.419992
0.00357819    2.94  4.40669      0.435421
0.00031662    2.95  4.61486      0.419795
-0.00414753   2.96  4.38511      0.452293
-0.00109577   2.97  4.37993      0.39903
-0.00434399   2.98  4.08793      0.427526
-0.000422478  2.99  4.25128      0.39991
-5.72205e-05  3     3.70254      0.410128
0.000818253   3.01  3.78515      0.372667
-0.0002985    3.02  3.8046       0.361204
0.00221348    3.03  3.43175      0.408608
0.0024929     3.04  3.3766       0.397683
0.0011549     3.05  3.71585      0.42279
0.000770569   3.06  3.94761      0.356536
0.00195408    3.07  3.10446      0.376943
0.00202179    3.08  3.37725      0.374763
0.00293732    3.09  3.24615      0.400133
-0.000468254  3.1   2.96414      0.318546
-0.00144768   3.11  3.09343      0.39094
-0.00105381   3.12  3.10348      0.337119
-0.00120068   3.13  3.01856      0.336852
0.00257969    3.14  2.91316      0.330706
-0.000554085  3.15  2.71955      0.325651
-0.00205898   3.16  2.79634      0.341978
0.00207138    3.17  2.78265      0.344452
-0.00305843   3.18  2.35346      0.331152
-0.00285721   3.19  2.65633      0.337888
0.00134563    3.2   2.91704      0.305614
0.000477791   3.21  2.51996      0.315916
0.000101089   3.22  2.41653      0.343732
-0.000313759  3.23  2.3961       0.276707
0.00333023    3.24  2.57634      0.323281
2.00272e-05   3.25  2.39016      0.297747
-0.00134373   3.26  2.20748      0.281514
0.00117111    3.27  2.39914      0.328852
0.000383377   3.28  2.17732      0.319418
-0.00205231   3.29  2.48744      0.319083
-0.00214005   3.3   2.1931       0.282074
0.00250816    3.31  2.23959      0.25268
-0.00251198   3.32  2.14882      0.283583
-0.000253677  3.33  1.97108      0.280143
-0.00447941   3.34  1.99863      0.33557
-0.0010519    3.35  2.20667      0.264158
0.00118256    3.36  2.01242      0.288677
0.00172615    3.37  2.00794      0.285812
0.00139904    3.38  1.72892      0.251317
0.00169277    3.39  1.88582      0.272677
-0.000833511  3.4   1.95682      0.253779
-6.77109e-05  3.41  1.88209      0.25605
-0.00124836   3.42  1.95603      0.244209
-0.000301361  3.43  2.04098      0.261985
-0.00135136   3.44  1.91235      0.239949
0.00107956    3.45  1.60363      0.263031
-0.00087738   3.46  1.90493      0.25772
-0.000797272  3.47  1.86213      0.258186
-0.000772476  3.48  2.03894      0.262984
-0.00113678   3.49  1.61097      0.226552
-0.00166893   3.5   1.73412      0.257344
-0.000864983  3.51  1.79926      0.243837
-0.00191593   3.52  1.71801      0.254412
-0.00133324   3.53  1.64252      0.243387
-0.00147438   3.54  1.6135       0.240519
-0.000197411  3.55  1.59515      0.212513
-0.001544     3.56  1.5791       0.222298
-0.00265408   3.57  1.74185      0.231635
-0.00232983   3.58  1.5611       0.223929
0.000813484   3.59  1.67162      0.216061
0.00503445    3.6   1.66465      0.231616
0.000889778   3.61  1.63327      0.206806
-0.00038147   3.62  1.6326       0.216391
-0.000803947  3.63  1.564        0.219731
-0.00185394   3.64  1.5831       0.234271
0.00165462    3.65  1.49691      0.215543
0.0026083     3.66  1.53509      0.21415
9.15527e-05   3.67  1.52711      0.197535
5.24521e-05   3.68  1.42098      0.194184
0.00122643    3.69  1.36993      0.215708
0.000125885   3.7   1.53226      0.203577
-0.00287056   3.71  1.44514      0.204445
-0.00112629   3.72  1.22248      0.213471
0.0025816     3.73  1.3429       0.18694
0.00214577    3.74  1.24548      0.218766
0.00020504    3.75  1.36086      0.201925
-0.000137329  3.76  1.21544      0.209733
0.000797272   3.77  1.22809      0.208764
-0.00116158   3.78  1.36122      0.216964
0.000648499   3.79  1.36428      0.190754
-0.000836372  3.8   1.17499      0.187733
0.000177383   3.81  1.28465      0.202038
-0.000577927  3.82  1.3388       0.173497
8.58307e-06   3.83  1.31538      0.188263
0.000555992   3.84  1.22633      0.194074
-0.000747681  3.85  1.12221      0.196144
-0.000459671  3.86  1.16935      0.189528
0.00300121    3.87  1.15631      0.18007
-3.8147e-05   3.88  1.20455      0.187618
-0.00209522   3.89  1.12512      0.191506
0.000548363   3.9   1.19531      0.179089
0.000370026   3.91  1.19701      0.19802
0.0031786     3.92  1.22984      0.181125
0.00120449    3.93  1.10882      0.180481
-0.000243187  3.94  1.11757      0.176838
-0.00270462   3.95  0.968224     0.186739
-0.00158501   3.96  1.19089      0.170804
-0.000991821  3.97  1.17452      0.173251
-0.00137234   3.98  0.904868     0.155349
-0.00118256   3.99  1.07956      0.174076
-0.00298405   4     1.05749      0.162605
-0.000210762  4.01  1.06258      0.16629
0.00311089    4.02  1.0914       0.163362
0.000951767   4.03  1.16754      0.17582
-0.00218201   4.04  0.932504     0.150508
0.000742912   4.05  1.02155      0.155728
0.0011692     4.06  1.09151      0.157834
-0.000789642  4.07  0.972152     0.151459
-0.00164318   4.08  1.07477      0.148572
0.00211143    4.09  0.978313     0.161412
0.000181198   4.1   1.03411      0.155825
0.00142193    4.11  1.12459      0.155892
-7.43866e-05  4.12  0.961146     0.159756
0.000600815   4.13  1.03233      0.163493
-0.00220776   4.14  0.868251     0.151047
0.000648499   4.15  0.916493     0.168315
0.000645638   4.16  0.960764     0.157974
-0.00060463   4.17  0.959966     0.16873
0.00119686    4.18  0.939792     0.141192
0.000433922   4.19  0.884624     0.147507
0.00244904    4.2   0.931125     0.161909
0.000243187   4.21  1.01533      0.148497
-0.000387192  4.22  0.91559      0.160224
-0.000864029  4.23  0.900232     0.134574
-0.00210285   4.24  0.848373     0.140158
0.00126648    4.25  0.890424     0.14983
-0.000132561  4.26  0.918076     0.143844
0.00118542    4.27  0.880367     0.155352
-0.000520706  4.28  0.857975     0.136249
0.00177765    4.29  0.843807     0.145229
0.00187874    4.3   0.838851     0.138415
0.00158787    4.31  0.935496     0.131404
-0.000402451  4.32  0.768543     0.131112
0.000986099   4.33  0.891792     0.146933
0.00124931    4.34  0.791503     0.145572
0.00264549    4.35  0.791597     0.141609
0.000700951   4.36  0.796133     0.143878
-0.000982285  4.37  0.864081     0.149685
0.000699997   4.38  0.767234     0.130076
0.00113106    4.39  0.85804      0.13255
0.00062561    4.4   0.767526     0.130199
0.000859261   4.41  0.828294     0.125154
0.00110149    4.42  0.806836     0.140141
-0.00204182   4.43  0.851029     0.12896
-0.00020504   4.44  0.786957     0.130255
-5.43594e-05  4.45  0.777664     0.131442
0.000123024   4.46  0.738528     0.129442
2.19345e-05   4.47  0.794882     0.116248
-0.000100136  4.48  0.812409     0.112182
0.000193596   4.49  0.803327     0.122944
0.000822067   4.5   0.746587     0.112756
0.000170708   4.51  0.761121     0.123183
-7.62939e-05  4.52  0.7586       0.136678
-0.00210285   4.53  0.744895     0.133472
1.14441e-05   4.54  0.700977     0.129196
-0.00135517   4.55  0.714378     0.120055
0.000189781   4.56  0.692996     0.113361
0.000986099   4.57  0.700607     0.110115
-0.00052166   4.58  0.71276      0.124418
-0.0024004    4.59  0.744325     0.121762
-3.05176e-05  4.6   0.698411     0.101628
0.00133038    4.61  0.681558     0.118005
0.00150585    4.62  0.746614     0.125254
-0.00147533   4.63  0.70842      0.130538
0.000876427   4.64  0.657069     0.114723
-0.00213718   4.65  0.692452     0.124291
-0.000701904  4.66  0.653109     0.111135
0.000531197   4.67  0.726783     0.118894
-0.00261879   4.68  0.655186     0.116268
-0.000437737  4.69  0.71382      0.117347
-0.00329113   4.7   0.669995     0.11644
-0.000148773  4.71  0.657699     0.113543
-0.00097084   4.72  0.605451     0.105743
0.0012722     4.73  0.649287     0.103031
-0.000510216  4.74  0.669543     0.10659
0.00261688    4.75  0.565228     0.1156
0.000436783   4.76  0.605544     0.107649
0.00232124    4.77  0.647377     0.104747
-0.000943184  4.78  0.591107     0.100469
0.000195503   4.79  0.61227      0.0997829
-0.00201225   4.8   0.620793     0.117627
0.000392914   4.81  0.599256     0.10909
-0.000525475  4.82  0.536684     0.0992557
-0.000153542  4.83  0.560818     0.0940813
-0.000388145  4.84  0.633528     0.103127
0.00150394    4.85  0.632593     0.102142
-0.000784874  4.86  0.652163     0.105345
0.000655174   4.87  0.57446      0.0970747
0.00190067    4.88  0.619682     0.103599
0.0018692     4.89  0.591803     0.0955084
-0.00120831   4.9   0.617251     0.115386
-0.000452995  4.91  0.586351     0.104145
4.3869e-05    4.92  0.608184     0.105556
0.00039959    4.93  0.518157     0.0938931
0.00147247    4.94  0.543392     0.107858
0.000372887   4.95  0.534132     0.11223
0.000540733   4.96  0.587757     0.10469
0.000541687   4.97  0.626744     0.0881494
0.000387192   4.98  0.582721     0.0983263
8.01086e-05   4.99  0.563338     0.107502
-0.000639915  5     0.562146     0.0892104
