1             0     -nan         -nan
1             0.01  0            0
1             0.02  0            0
1             0.03  0            0
1             0.04  0            0
1             0.05  0            0
1             0.06  0            0
1             0.07  0            0
1             0.08  0            0
1             0.09  0            0
1             0.1   0            0
1             0.11  0            0
1             0.12  0            0
1             0.13  0            0
1             0.14  0            0
1             0.15  0            0
1             0.16  0            0
1             0.17  0            0
1             0.18  0            0
1             0.19  0            0
1             0.2   0            0
1             0.21  0            0
1             0.22  0            0
1             0.23  0            0
1             0.24  0            0
1             0.25  0            0
1             0.26  0            0
1             0.27  0            0
1             0.28  0            0
1             0.29  0            0
1             0.3   0            0
1             0.31  0            0
1             0.32  0            0
1             0.33  0            0
1             0.34  0            0
1             0.35  0            0
1             0.36  0            0
1             0.37  0            0
1             0.38  0            0
1             0.39  0            0
1             0.4   0            0
1             0.41  0            0
1             0.42  0            0
1             0.43  0            0
1             0.44  0            0
1             0.45  0            0
1             0.46  5.18175e-07  1.80235e-05
1             0.47  5.0715e-07   1.72647e-05
1             0.48  4.96584e-07  1.65528e-05
1             0.49  9.72662e-07  3.17604e-05
1             0.5   1.42946e-06  4.57428e-05
1             0.51  0            0
1             0.52  9.16547e-07  2.82014e-05
1             0.53  1.34855e-06  4.0711e-05
1             0.54  1.76434e-06  5.22767e-05
0.999999      0.55  2.1648e-06   6.29759e-05
0.999998      0.56  5.51715e-06  0.000157633
0.999998      0.57  7.08775e-06  0.00017845
0.999998      0.58  5.73526e-06  0.000158214
0.999998      0.59  8.85822e-06  0.000201961
0.999996      0.6   1.659e-05    0.00035265
0.999995      0.61  2.48125e-05  0.000495255
0.999994      0.62  2.2799e-05   0.000536649
0.999993      0.63  2.91633e-05  0.000623908
0.999992      0.64  3.38521e-05  0.000670841
0.999989      0.65  4.10237e-05  0.000855886
0.999987      0.66  4.48297e-05  0.000950906
0.999984      0.67  6.3537e-05   0.00119978
0.999983      0.68  5.778e-05    0.0012039
0.999977      0.69  8.53469e-05  0.00159188
0.999971      0.7   0.000106846  0.00197592
0.99997       0.71  9.89743e-05  0.00195569
0.999967      0.72  0.000107377  0.00202486
0.999961      0.73  0.000122715  0.00233312
0.999953      0.74  0.000137792  0.00269196
0.999948      0.75  0.000164422  0.00301753
0.999948      0.76  0.000155357  0.0028841
0.999941      0.77  0.000164171  0.0031937
0.999924      0.78  0.000215358  0.00413157
0.999919      0.79  0.000221045  0.00414222
0.999905      0.8   0.000258064  0.00493136
0.99989       0.81  0.000285384  0.00536937
0.99988       0.82  0.000309058  0.00580568
0.999864      0.83  0.000354226  0.00660488
0.999848      0.84  0.00038537   0.00706553
0.999822      0.85  0.000449497  0.00818384
0.999813      0.86  0.000430877  0.00779729
0.999786      0.87  0.000486805  0.00863714
0.999774      0.88  0.000538707  0.00937676
0.999746      0.89  0.000558327  0.00967633
0.999707      0.9   0.000693893  0.0117713
0.999682      0.91  0.000736541  0.0124504
0.999642      0.92  0.000828989  0.0136533
0.999628      0.93  0.000852254  0.013944
0.999569      0.94  0.000953999  0.0155167
0.999542      0.95  0.000985923  0.0157755
0.999493      0.96  0.0011103    0.0174446
0.999441      0.97  0.00128595   0.0196039
0.999394      0.98  0.0013089    0.0198787
0.999343      0.99  0.00142892   0.0213384
0.999279      1     0.00154439   0.0230366
0.999221      1.01  0.00163703   0.0243989
0.999133      1.02  0.00182284   0.0264412
0.999083      1.03  0.0019747    0.0284651
0.99903       1.04  0.0020431    0.0289489
0.998923      1.05  0.00229148   0.0318859
0.998841      1.06  0.00227296   0.0313097
0.998756      1.07  0.00257546   0.0348314
0.998676      1.08  0.0027768    0.0372897
0.998577      1.09  0.00296545   0.038996
0.998451      1.1   0.00334111   0.0436653
0.998337      1.11  0.00349973   0.0453295
0.998229      1.12  0.00359299   0.0462301
0.998108      1.13  0.00372054   0.0472001
0.99798       1.14  0.00407197   0.0502782
0.997844      1.15  0.0041956    0.0513451
0.997726      1.16  0.00455341   0.0550918
0.997558      1.17  0.00490286   0.0584986
0.997375      1.18  0.00541619   0.0644398
0.99722       1.19  0.0053458    0.061886
0.997051      1.2   0.00585465   0.0672437
0.996879      1.21  0.00619724   0.069778
0.996637      1.22  0.00677458   0.0748812
0.996499      1.23  0.00675036   0.0741487
0.996293      1.24  0.00752655   0.0808179
0.996065      1.25  0.00767528   0.0817391
0.995828      1.26  0.00800065   0.0842534
0.995558      1.27  0.00844522   0.0878785
0.995327      1.28  0.00905531   0.0940441
0.995091      1.29  0.0097784    0.0987794
0.99483       1.3   0.00994689   0.0996889
0.99452       1.31  0.0103187    0.101664
0.99421       1.32  0.0115673    0.111588
0.993958      1.33  0.0117763    0.112672
0.993642      1.34  0.0122966    0.114225
0.993312      1.35  0.0126289    0.117591
0.99288       1.36  0.014098     0.127258
0.992511      1.37  0.0144537    0.129968
0.992176      1.38  0.0154479    0.13572
0.991789      1.39  0.0164931    0.14456
0.991459      1.4   0.0171893    0.147864
0.991068      1.41  0.0174816    0.150274
0.990592      1.42  0.0173391    0.145885
0.990154      1.43  0.0193808    0.157732
0.989677      1.44  0.0192795    0.153138
0.989265      1.45  0.0206836    0.163563
0.98886       1.46  0.0215487    0.166485
0.988347      1.47  0.0234463    0.179706
0.987777      1.48  0.0241354    0.181169
0.987207      1.49  0.0250541    0.18619
0.986757      1.5   0.0265029    0.19357
0.986111      1.51  0.0281049    0.201959
0.985479      1.52  0.0304302    0.211571
0.984793      1.53  0.030576     0.213755
0.984224      1.54  0.0320784    0.220739
0.983577      1.55  0.033994     0.232835
0.983009      1.56  0.0351137    0.233965
0.982262      1.57  0.0366466    0.24004
0.981534      1.58  0.036522     0.237664
0.980687      1.59  0.039705     0.253604
0.979909      1.6   0.0417981    0.257128
0.979031      1.61  0.0425912    0.257911
0.978136      1.62  0.0480909    0.28114
0.977383      1.63  0.0472794    0.279512
0.976652      1.64  0.0465424    0.269781
0.975529      1.65  0.0528662    0.297493
0.974572      1.66  0.0541303    0.298172
0.973715      1.67  0.0562966    0.312307
0.972745      1.68  0.0605588    0.317704
0.971555      1.69  0.0655405    0.341803
0.97052       1.7   0.066945     0.332463
0.969464      1.71  0.0684716    0.336784
0.968358      1.72  0.0727945    0.352231
0.967001      1.73  0.0746392    0.350459
0.965817      1.74  0.0790427    0.363816
0.96463       1.75  0.0829212    0.378994
0.963312      1.76  0.0876681    0.386848
0.962018      1.77  0.0919416    0.400862
0.960652      1.78  0.0928397    0.39946
0.959352      1.79  0.0995539    0.409258
0.958091      1.8   0.104728     0.42461
0.956343      1.81  0.11457      0.456257
0.954801      1.82  0.109096     0.422772
0.953239      1.83  0.115852     0.436048
0.951415      1.84  0.126462     0.46007
0.949832      1.85  0.138302     0.494267
0.947892      1.86  0.141492     0.498851
0.946192      1.87  0.151482     0.512413
0.94416       1.88  0.158976     0.527237
0.942211      1.89  0.16346      0.519905
0.940314      1.9   0.173526     0.53327
0.93826       1.91  0.183619     0.555553
0.936179      1.92  0.195392     0.575998
0.933693      1.93  0.208145     0.573559
0.931438      1.94  0.221502     0.598491
0.92896       1.95  0.226254     0.603494
0.926653      1.96  0.230647     0.605015
0.924453      1.97  0.257099     0.651276
0.921616      1.98  0.269056     0.637949
0.919061      1.99  0.287745     0.675772
0.91609       2     0.293309     0.673705
0.913127      2.01  0.307446     0.687594
0.910145      2.02  0.338833     0.714155
0.906799      2.03  0.370651     0.746873
0.903577      2.04  0.384181     0.753027
0.900425      2.05  0.399365     0.763087
0.896942      2.06  0.427633     0.774088
0.893528      2.07  0.46053      0.80021
0.889684      2.08  0.47456      0.813007
0.885778      2.09  0.489274     0.805009
0.881992      2.1   0.533559     0.833732
0.8778        2.11  0.571576     0.867218
0.873671      2.12  0.594311     0.86767
0.869067      2.13  0.630859     0.895998
0.86439       2.14  0.664886     0.91914
0.85912       2.15  0.694261     0.904144
0.854558      2.16  0.751922     0.924233
0.849168      2.17  0.830135     0.995355
0.844089      2.18  0.868418     0.979083
0.838222      2.19  0.947985     1.03534
0.83247       2.2   1.00154      1.0326
0.826291      2.21  1.04175      1.0419
0.819933      2.22  1.09745      1.02166
0.813472      2.23  1.21415      1.10358
0.806388      2.24  1.32195      1.11867
0.799124      2.25  1.39369      1.11857
0.791849      2.26  1.47425      1.14187
0.784344      2.27  1.5939       1.14081
0.776609      2.28  1.70077      1.17517
0.768222      2.29  1.81075      1.18063
0.760216      2.3   1.89889      1.16482
0.751271      2.31  2.07582      1.22056
0.741799      2.32  2.23964      1.27529
0.732242      2.33  2.45757      1.26834
0.72232       2.34  2.58779      1.26147
0.711756      2.35  2.7484       1.29628
0.70041       2.36  2.91022      1.29532
0.68885       2.37  3.0608       1.2867
0.676975      2.38  3.294        1.30876
0.664504      2.39  3.56311      1.33865
0.652501      2.4   3.77704      1.3497
0.639013      2.41  4.00893      1.3108
0.625866      2.42  4.27935      1.34594
0.61167       2.43  4.48327      1.31843
0.59758       2.44  4.71357      1.30609
0.583586      2.45  4.88813      1.26595
0.569606      2.46  5.16889      1.25977
0.554159      2.47  5.35198      1.20854
0.538561      2.48  5.54035      1.22178
0.523171      2.49  6.07535      1.23842
0.507044      2.5   6.31536      1.21018
0.490033      2.51  6.53604      1.20425
0.473358      2.52  6.66271      1.17184
0.456753      2.53  6.89045      1.14121
0.439867      2.54  7.16221      1.08487
0.423069      2.55  7.28729      1.05187
0.406174      2.56  7.55855      1.06495
0.388032      2.57  7.70385      0.996629
0.370194      2.58  7.87438      0.985558
0.353161      2.59  7.91137      0.966312
0.336431      2.6   8.16664      0.918814
0.318007      2.61  8.32461      0.886023
0.300349      2.62  8.54212      0.862202
0.283147      2.63  8.64268      0.808311
0.26628       2.64  8.4759       0.799766
0.249765      2.65  8.66277      0.789665
0.233509      2.66  8.70932      0.752531
0.218109      2.67  8.59009      0.753943
0.203208      2.68  8.54631      0.73346
0.188607      2.69  8.46583      0.705795
0.17433       2.7   8.33879      0.680346
0.160094      2.71  8.23003      0.63467
0.147442      2.72  8.09957      0.647048
0.135119      2.73  8.04784      0.601009
0.123532      2.74  7.8317       0.606403
0.112547      2.75  7.51793      0.580278
0.102206      2.76  7.26099      0.552783
0.0923074     2.77  7.22348      0.540824
0.0833584     2.78  7.10416      0.556813
0.0748472     2.79  6.77791      0.534709
0.0666541     2.8   6.73991      0.528208
0.0594825     2.81  6.52693      0.527465
0.0531384     2.82  6.44997      0.516383
0.0470514     2.83  6.33936      0.501474
0.0420525     2.84  6.10326      0.501263
0.036523      2.85  5.92614      0.485332
0.0316991     2.86  5.7403       0.503314
0.0278162     2.87  5.70559      0.482492
0.0236372     2.88  5.50943      0.470079
0.0203806     2.89  5.37372      0.470864
0.0172722     2.9   5.29591      0.475862
0.0151393     2.91  5.12141      0.444141
0.0127484     2.92  5.02225      0.444932
0.0111216     2.93  4.74045      0.450222
0.0103182     2.94  4.5861       0.459137
0.00849152    2.95  4.42036      0.434965
0.0073508     2.96  4.24487      0.435079
0.00614798    2.97  4.19909      0.417953
0.00544238    2.98  4.15683      0.417528
0.00455773    2.99  4.01586      0.413537
0.00342083    3     3.95156      0.402651
0.00345123    3.01  3.9057       0.387493
0.00282216    3.02  3.66745      0.386019
0.00214028    3.03  3.58953      0.394297
0.00156426    3.04  3.62722      0.394238
0.00188696    3.05  3.49321      0.386952
0.000439286   3.06  3.45228      0.368328
0.000683308   3.07  3.35689      0.38451
0.00117803    3.08  3.41984      0.355474
0.00194776    3.09  3.39046      0.374124
0.00171423    3.1   3.3716       0.364426
0.00103521    3.11  3.23333      0.363727
0.000371695   3.12  3.191        0.344278
0.000759006   3.13  3.05309      0.351576
0.000383973   3.14  3.06401      0.352924
0.000657201   3.15  2.93261      0.334449
0.00045073    3.16  2.91053      0.346057
0.000783086   3.17  2.83286      0.328453
0.00103068    3.18  2.80683      0.322347
0.00113249    3.19  2.79996      0.325296
0.000664592   3.2   2.76092      0.320731
0.000145316   3.21  2.62682      0.322241
8.57115e-05   3.22  2.5805       0.326025
0.000605702   3.23  2.53305      0.312004
0.00039351    3.24  2.54958      0.303797
-0.000782251  3.25  2.52998      0.321808
-0.00141513   3.26  2.47012      0.306317
-0.000846744  3.27  2.43237      0.310329
-0.000351429  3.28  2.40917      0.303272
-0.0010047    3.29  2.29114      0.291767
-0.000850558  3.3   2.10965      0.288073
2.87294e-05   3.31  2.17102      0.28979
-0.000206828  3.32  2.18419      0.287486
-0.000416994  3.33  2.16999      0.290067
0.000468373   3.34  2.17434      0.279106
0.000757337   3.35  2.12846      0.272451
0.00082624    3.36  2.03185      0.274446
0.00052464    3.37  2.06167      0.276268
-0.00023067   3.38  2.07996      0.265974
-7.24792e-05  3.39  2.0574       0.278008
0.000655413   3.4   2.04069      0.273987
-7.70092e-05  3.41  2.06756      0.267415
0.000987768   3.42  1.97288      0.264063
-0.00066793   3.43  2.01135      0.269489
-5.98431e-05  3.44  1.92345      0.268067
-0.000236392  3.45  1.92112      0.253016
-0.000243425  3.46  1.85917      0.271005
0.000320435   3.47  1.84269      0.267764
0.00116503    3.48  1.84819      0.247111
0.00117922    3.49  1.75508      0.249074
0.000624657   3.5   1.71256      0.251317
0.000979185   3.51  1.73078      0.242428
0.00124657    3.52  1.79249      0.240333
0.00124514    3.53  1.74334      0.242415
0.000963092   3.54  1.68538      0.247848
0.000544906   3.55  1.60217      0.241509
9.16719e-05   3.56  1.61756      0.240367
-0.000328183  3.57  1.61757      0.238126
-0.000160575  3.58  1.64221      0.237063
0.000120044   3.59  1.53657      0.227768
3.016e-05     3.6   1.55388      0.226648
-0.000447273  3.61  1.52484      0.226816
0.000295758   3.62  1.50317      0.22317
-0.000638366  3.63  1.51747      0.225442
2.12193e-05   3.64  1.5191       0.224058
0.000157356   3.65  1.5156       0.218572
-0.000376582  3.66  1.45608      0.222475
-0.000762701  3.67  1.45441      0.21983
-0.000505686  3.68  1.454        0.228083
-0.000389934  3.69  1.40809      0.214164
-0.000350952  3.7   1.3877       0.216073
0.000521779   3.71  1.36295      0.203265
8.01086e-05   3.72  1.34781      0.210321
-2.8491e-05   3.73  1.41923      0.211487
-0.000201106  3.74  1.36662      0.212257
-0.000390172  3.75  1.31027      0.204336
0.00015533    3.76  1.31362      0.214207
-0.000718594  3.77  1.27113      0.197372
-0.000132322  3.78  1.3244       0.204134
0.000455379   3.79  1.29186      0.192497
0.000143409   3.8   1.27781      0.193216
4.13656e-05   3.81  1.25224      0.191322
0.000600457   3.82  1.24441      0.191763
0.000448465   3.83  1.22051      0.193144
0.000131369   3.84  1.21116      0.195406
0.000633359   3.85  1.19496      0.183209
0.00063765    3.86  1.20862      0.188217
0.000378847   3.87  1.22632      0.189974
0.000291944   3.88  1.1476       0.184857
-7.65324e-05  3.89  1.19949      0.183237
0.00011611    3.9   1.1994       0.186517
-0.000532389  3.91  1.18041      0.185306
9.70364e-05   3.92  1.18625      0.179558
6.4373e-05    3.93  1.12992      0.18093
-0.000174165  3.94  1.11354      0.173337
0.000344515   3.95  1.06047      0.18185
0.000393867   3.96  1.08838      0.180492
0.000102639   3.97  1.12348      0.174183
-0.000441194  3.98  1.09898      0.169592
-0.00048697   3.99  1.08163      0.169358
-0.000724554  4     1.06237      0.172206
-0.000400305  4.01  1.07994      0.16741
0.000420213   4.02  1.04418      0.166272
0.000673652   4.03  1.01471      0.161215
0.000311613   4.04  1.03129      0.165877
0.000320673   4.05  1.02347      0.164301
-0.000163555  4.06  0.992632     0.173059
-0.000477552  4.07  1.03898      0.169003
-0.000194788  4.08  1.03229      0.163996
-0.000205994  4.09  1.05141      0.159184
-0.000284672  4.1   1.01773      0.158055
-0.00043714   4.11  1.0042       0.162102
-0.000979543  4.12  0.95503      0.157153
-0.00022614   4.13  0.96358      0.152636
0.000315666   4.14  0.972786     0.155214
0.000467181   4.15  0.959479     0.155664
-0.000449777  4.16  0.943611     0.160318
-0.000796676  4.17  0.95354      0.152202
9.93013e-05   4.18  0.969742     0.15558
4.66108e-05   4.19  0.934237     0.15283
-0.000607967  4.2   0.925222     0.145451
-0.000494361  4.21  0.913266     0.147062
-1.9908e-05   4.22  0.9142       0.153795
0.000102282   4.23  0.9021       0.153008
0.000961185   4.24  0.904885     0.146918
0.000755548   4.25  0.895446     0.150055
-0.00019753   4.26  0.913086     0.143392
0.000474572   4.27  0.908122     0.143404
0.000485778   4.28  0.874723     0.143852
0.000708938   4.29  0.86211      0.139803
9.03606e-05   4.3   0.868663     0.146094
-0.000239611  4.31  0.842742     0.135602
-0.000188231  4.32  0.85128      0.142113
-0.000443459  4.33  0.837964     0.139983
-0.00011611   4.34  0.828618     0.144728
9.65595e-05   4.35  0.840939     0.13375
0.000475883   4.36  0.830947     0.132911
-0.000107408  4.37  0.809936     0.138912
-0.000329256  4.38  0.78898      0.133719
0.000148058   4.39  0.819128     0.13594
9.38177e-05   4.4   0.821281     0.135651
-0.000340581  4.41  0.789874     0.133757
0.000246286   4.42  0.810449     0.129687
-3.05176e-05  4.43  0.769838     0.133319
-0.000305295  4.44  0.750027     0.132331
-0.000385642  4.45  0.768731     0.128727
-0.000586748  4.46  0.753751     0.132785
-0.000862002  4.47  0.766308     0.12811
-0.000650764  4.48  0.752253     0.129917
-0.0003618    4.49  0.73851      0.130874
-0.000274539  4.5   0.757865     0.126876
-0.000187874  4.51  0.747905     0.125924
-0.000209212  4.52  0.758839     0.127227
0.00082624    4.53  0.742626     0.124917
-0.000254154  4.54  0.720944     0.121574
0.000145912   4.55  0.741302     0.126823
-0.000434041  4.56  0.734601     0.122086
-0.000334382  4.57  0.724787     0.123474
3.42131e-05   4.58  0.698397     0.12248
-0.000327587  4.59  0.711472     0.11377
0.000299692   4.6   0.723225     0.119962
0.000751615   4.61  0.694185     0.115692
-0.00035727   4.62  0.698797     0.119726
-0.000834942  4.63  0.68021      0.118531
-0.000537276  4.64  0.707011     0.116388
-0.000224948  4.65  0.678723     0.116172
-8.18968e-05  4.66  0.661123     0.118254
-0.000837326  4.67  0.698139     0.114717
-0.00025034   4.68  0.678143     0.111614
-4.05312e-05  4.69  0.64839      0.113311
-0.000186682  4.7   0.668576     0.112969
-0.000545025  4.71  0.680741     0.114142
0.000294328   4.72  0.636779     0.111742
-0.000156164  4.73  0.625668     0.113827
-0.000123858  4.74  0.67737      0.117693
-8.51154e-05  4.75  0.647081     0.116218
-4.24385e-05  4.76  0.655176     0.110133
0.000392914   4.77  0.635682     0.112106
-0.000597358  4.78  0.63489      0.110625
-0.000536203  4.79  0.631298     0.103438
-0.000797153  4.8   0.626082     0.10526
-0.000564337  4.81  0.603725     0.105959
0.000130534   4.82  0.614187     0.105285
3.24249e-05   4.83  0.617321     0.110332
7.56979e-05   4.84  0.622046     0.10445
0.000183225   4.85  0.611693     0.10238
-0.000469327  4.86  0.630938     0.104858
-4.31538e-05  4.87  0.638078     0.105186
-0.000116706  4.88  0.613086     0.107608
3.48091e-05   4.89  0.575606     0.103872
0.000591993   4.9   0.602313     0.102471
0.0008533     4.91  0.583122     0.103679
-0.000180721  4.92  0.587149     0.102348
0.000418067   4.93  0.598363     0.103072
0.000253916   4.94  0.576732     0.099049
-0.000100255  4.95  0.579882     0.0998421
-0.000152707  4.96  0.60628      0.0985152
5.6386e-05    4.97  0.587989     0.0997297
-0.000267506  4.98  0.58908      0.0964864
-0.000307202  4.99  0.570833     0.0937581
-0.000105143  5     0.575324     0.0985823
