-0.0326691    0     inf       inf
-0.0442028    0.01  1851.79   17611.8
-0.0543685    0.02  1414.31   4228.68
-0.0632286    0.03  1290.5    1856.25
-0.07093      0.04  1207.67   1025.62
-0.0768251    0.05  1152.41   655.83
-0.0832553    0.06  1120.21   447.884
-0.0891967    0.07  1108.18   325.944
-0.0950208    0.08  1097.24   251.581
-0.100786     0.09  1090.49   203.352
-0.105989     0.1   1090.04   164.697
-0.110565     0.11  1086.42   136.116
-0.115497     0.12  1089.09   113.025
-0.119737     0.13  1085.74   96.0106
-0.12451      0.14  1091.05   84.6182
-0.128949     0.15  1091.66   74.838
-0.132785     0.16  1090.93   67.2713
-0.13692      0.17  1093.52   60.5646
-0.140438     0.18  1097.17   54.6945
-0.143893     0.19  1094.6    50.598
-0.147282     0.2   1094.87   46.1562
-0.150937     0.21  1094.95   42.5175
-0.154544     0.22  1096.15   39.1883
-0.158121     0.23  1095.22   36.0319
-0.161235     0.24  1090.09   33.0288
-0.164514     0.25  1087.3    30.8672
-0.168057     0.26  1087.75   28.7079
-0.171083     0.27  1090.1    26.7678
-0.174203     0.28  1091.62   24.9548
-0.177482     0.29  1093.64   23.5122
-0.180554     0.3   1090.81   22.0993
-0.184205     0.31  1087.17   20.9292
-0.187233     0.32  1084.29   19.9177
-0.190138     0.33  1083.62   18.9035
-0.192818     0.34  1082.88   17.9162
-0.195448     0.35  1081.14   16.9104
-0.198193     0.36  1079.88   16.0994
-0.201003     0.37  1080.1    15.374
-0.203706     0.38  1080.87   14.6573
-0.206378     0.39  1078.18   14.0965
-0.208999     0.4   1079.38   13.5397
-0.211549     0.41  1079.8    13.057
-0.214157     0.42  1079.02   12.4553
-0.216891     0.43  1076.44   11.8863
-0.219644     0.44  1077.19   11.4352
-0.221638     0.45  1078.66   10.9828
-0.223775     0.46  1076.14   10.592
-0.226119     0.47  1077.49   10.1953
-0.228621     0.48  1078.67   9.88892
-0.230889     0.49  1079.47   9.60944
-0.232769     0.5   1078.8    9.29117
-0.235071     0.51  1078.36   9.00912
-0.237513     0.52  1076.97   8.72216
-0.239955     0.53  1078.27   8.47956
-0.242251     0.54  1077.65   8.25868
-0.244473     0.55  1077.71   8.04718
-0.246765     0.56  1077.71   7.844
-0.24906      0.57  1077.73   7.64232
-0.250969     0.58  1077.02   7.48669
-0.252917     0.59  1075.92   7.31801
-0.254985     0.6   1076.1    7.15879
-0.257218     0.61  1076.92   7.04394
-0.259093     0.62  1077.3    6.91503
-0.260927     0.63  1077.76   6.7802
-0.263083     0.64  1075.8    6.67632
-0.265052     0.65  1074.89   6.56176
-0.266999     0.66  1075.43   6.48659
-0.268714     0.67  1074.66   6.38428
-0.270396     0.68  1074.1    6.30184
-0.271805     0.69  1074.66   6.21355
-0.273396     0.7   1074.04   6.06896
-0.275053     0.71  1073.63   5.98093
-0.27659      0.72  1071.83   5.87381
-0.278515     0.73  1071.67   5.77767
-0.280182     0.74  1070.13   5.67357
-0.281817     0.75  1070.81   5.61277
-0.283482     0.76  1069.54   5.54066
-0.285076     0.77  1069.07   5.48922
-0.286905     0.78  1067.42   5.42212
-0.288391     0.79  1065.54   5.34276
-0.289526     0.8   1064.25   5.26634
-0.290738     0.81  1063.31   5.20735
-0.292253     0.82  1061.73   5.12932
-0.293761     0.83  1060.82   5.09458
-0.295183     0.84  1059.9    4.99463
-0.296555     0.85  1058.58   4.95043
-0.298        0.86  1058.36   4.86621
-0.299434     0.87  1056.84   4.81341
-0.3008       0.88  1055.22   4.73612
-0.30239      0.89  1052.9    4.68961
-0.304277     0.9   1051.15   4.69903
-0.305756     0.91  1049.54   4.62038
-0.307307     0.92  1048.66   4.55136
-0.308766     0.93  1046.54   4.51266
-0.310212     0.94  1044.54   4.4923
-0.311273     0.95  1042.78   4.41877
-0.312251     0.96  1040.83   4.38359
-0.313179     0.97  1039.29   4.3403
-0.314461     0.98  1038.64   4.29521
-0.315823     0.99  1035.87   4.27444
-0.317243     1     1033.96   4.24263
-0.318331     1.01  1032.61   4.25953
-0.319133     1.02  1031.49   4.19302
-0.32035      1.03  1030.3    4.14839
-0.321579     1.04  1028.6    4.14848
-0.322931     1.05  1026.6    4.06682
-0.324253     1.06  1024.69   4.01921
-0.325207     1.07  1023.78   3.99466
-0.326585     1.08  1020.62   3.99312
-0.327513     1.09  1018.81   3.99609
-0.328388     1.1   1017.17   3.92742
-0.329573     1.11  1013.75   3.88993
-0.33055      1.12  1012.15   3.86517
-0.331589     1.13  1009.65   3.80796
-0.332481     1.14  1007.42   3.83128
-0.333878     1.15  1005.69   3.77235
-0.33489      1.16  1002.94   3.83701
-0.33588      1.17  1000      3.76165
-0.336625     1.18  998.774   3.75296
-0.337595     1.19  995.825   3.69879
-0.338685     1.2   993.899   3.73544
-0.339674     1.21  991.25    3.69311
-0.34067      1.22  989.614   3.67216
-0.34138      1.23  987.116   3.65288
-0.342453     1.24  983.358   3.67027
-0.342987     1.25  980.443   3.61296
-0.343925     1.26  978.828   3.58267
-0.344177     1.27  976.684   3.51466
-0.344707     1.28  975.232   3.52957
-0.345385     1.29  973.179   3.53681
-0.345989     1.3   970.675   3.5695
-0.346918     1.31  968.29    3.52466
-0.34793      1.32  966.308   3.50582
-0.348735     1.33  963.35    3.56743
-0.349449     1.34  959.991   3.50683
-0.350132     1.35  956.456   3.41969
-0.35096      1.36  953.647   3.4111
-0.351756     1.37  950.975   3.44251
-0.352304     1.38  947.658   3.47462
-0.352506     1.39  945.14    3.39438
-0.353269     1.4   941.991   3.39969
-0.353848     1.41  937.723   3.38102
-0.354099     1.42  934.946   3.43755
-0.35445      1.43  931.994   3.35196
-0.354788     1.44  929.756   3.25146
-0.354703     1.45  927.471   3.26244
-0.354679     1.46  924.027   3.32855
-0.355272     1.47  920.711   3.38364
-0.355765     1.48  916.583   3.36405
-0.355655     1.49  913.781   3.25105
-0.356011     1.5   911.141   3.28054
-0.356308     1.51  907.578   3.26596
-0.356718     1.52  903.953   3.19237
-0.357134     1.53  901.39    3.21409
-0.357993     1.54  899.22    3.31028
-0.358222     1.55  895.17    3.17673
-0.358402     1.56  892.765   3.18039
-0.358139     1.57  888.391   3.14649
-0.358784     1.58  884.918   3.09562
-0.358925     1.59  882.034   3.04553
-0.358993     1.6   879.599   3.11862
-0.359686     1.61  875.158   3.06728
-0.359551     1.62  873.364   3.22622
-0.359926     1.63  870.211   3.20259
-0.359963     1.64  866.426   3.15415
-0.360522     1.65  861.509   3.0181
-0.361189     1.66  857.769   3.09999
-0.361414     1.67  853.896   3.06884
-0.361184     1.68  850.817   2.98857
-0.361397     1.69  848.111   3.08192
-0.361441     1.7   843.457   3.05681
-0.361205     1.71  839.005   3.04477
-0.361537     1.72  835.257   3.05644
-0.361854     1.73  831.565   3.11263
-0.361369     1.74  827.938   3.01216
-0.361609     1.75  824.303   2.99828
-0.361539     1.76  820.344   2.96465
-0.361574     1.77  816.402   2.9807
-0.361486     1.78  810.757   3.07212
-0.361253     1.79  806.007   3.09058
-0.361722     1.8   801.749   3.04875
-0.361503     1.81  797.851   2.9143
-0.361146     1.82  793.292   2.89558
-0.361125     1.83  787.98    3.05777
-0.360761     1.84  784.212   3.01734
-0.360322     1.85  778.985   3.03216
-0.360428     1.86  774.15    2.93755
-0.35962      1.87  769.902   2.92601
-0.358696     1.88  765.832   2.97822
-0.358255     1.89  761.187   2.91933
-0.358499     1.9   754.894   2.98967
-0.358377     1.91  750.726   2.83448
-0.357442     1.92  744.964   2.9261
-0.356793     1.93  738.662   2.84312
-0.356904     1.94  733.35    2.87728
-0.356175     1.95  727.066   2.84573
-0.355184     1.96  721.308   2.84538
-0.354404     1.97  715.192   2.81017
-0.353212     1.98  708.473   2.767
-0.352039     1.99  702.323   2.8062
-0.351364     2     697.018   2.79717
-0.351403     2.01  690.975   2.88853
-0.350285     2.02  684.369   2.86082
-0.349085     2.03  679.26    2.91477
-0.348433     2.04  672.296   2.8373
-0.347627     2.05  665.06    2.8093
-0.346162     2.06  659.397   2.72623
-0.345685     2.07  651.7     2.73539
-0.344927     2.08  643.663   2.64015
-0.343525     2.09  636.813   2.7448
-0.342418     2.1   629.328   2.63541
-0.340763     2.11  621.866   2.55414
-0.340002     2.12  614.884   2.69506
-0.339489     2.13  606.431   2.74958
-0.337675     2.14  599.129   2.75072
-0.33651      2.15  591.306   2.73669
-0.334184     2.16  583.432   2.80954
-0.332179     2.17  574.652   2.80526
-0.329768     2.18  566.799   2.72218
-0.32781      2.19  557.902   2.66384
-0.326008     2.2   546.959   2.59009
-0.322516     2.21  538.557   2.55502
-0.320884     2.22  528.173   2.55207
-0.318301     2.23  520.369   2.56779
-0.31572      2.24  509.197   2.50198
-0.313293     2.25  501.459   2.54507
-0.310491     2.26  491.956   2.46111
-0.307692     2.27  480.019   2.26144
-0.304403     2.28  470.45    2.4175
-0.301322     2.29  461.026   2.35109
-0.298723     2.3   449.21    2.37787
-0.296353     2.31  438.759   2.25093
-0.291276     2.32  425.093   2.30354
-0.288559     2.33  414.439   2.35224
-0.284107     2.34  401.847   2.14767
-0.281339     2.35  390.217   2.16348
-0.27719      2.36  377.357   2.08234
-0.27283      2.37  363.743   1.98202
-0.268517     2.38  350.134   2.13506
-0.264172     2.39  337.619   2.092
-0.259467     2.4   323.596   1.92552
-0.255134     2.41  309.455   1.84872
-0.250419     2.42  296.868   1.81726
-0.245319     2.43  282.156   1.76468
-0.240044     2.44  266.631   1.68895
-0.233323     2.45  254.808   1.53707
-0.227051     2.46  241.229   1.42128
-0.222354     2.47  228.802   1.49837
-0.21666      2.48  218.081   1.51579
-0.211189     2.49  207.12    1.385
-0.204328     2.5   194.121   1.31299
-0.198422     2.51  182.284   1.24843
-0.192621     2.52  170.256   1.24068
-0.185924     2.53  158.805   1.18396
-0.177895     2.54  146.997   1.17257
-0.171105     2.55  137.207   1.12866
-0.163485     2.56  125.997   1.10031
-0.156838     2.57  114.986   1.04925
-0.149273     2.58  105.084   1.00045
-0.141882     2.59  96.8737   0.932379
-0.136271     2.6   88.9804   0.799611
-0.129689     2.61  80.1822   0.87755
-0.122656     2.62  72.8957   0.869618
-0.115814     2.63  65.5256   0.837955
-0.108655     2.64  58.8264   0.738625
-0.10093      2.65  53.4016   0.740756
-0.0940647    2.66  46.7123   0.737535
-0.0871553    2.67  41.8108   0.74285
-0.0814729    2.68  37.1764   0.769775
-0.0757303    2.69  32.5094   0.729803
-0.0693612    2.7   28.8854   0.652023
-0.0646415    2.71  24.7812   0.614622
-0.0586681    2.72  22.4641   0.622544
-0.0540018    2.73  19.9726   0.563614
-0.0504808    2.74  17.9233   0.571393
-0.0473909    2.75  15.9795   0.539354
-0.044085     2.76  14.8334   0.573299
-0.0400496    2.77  13.5405   0.599268
-0.0366049    2.78  12.1118   0.532046
-0.0316582    2.79  11.3042   0.544538
-0.0275397    2.8   10.3932   0.545425
-0.0229964    2.81  9.23645   0.5384
-0.0212541    2.82  8.62663   0.520745
-0.0215678    2.83  7.77152   0.542802
-0.0193005    2.84  7.73482   0.480745
-0.0166783    2.85  6.91371   0.479461
-0.0127506    2.86  6.42244   0.456166
-0.0116215    2.87  5.97567   0.458787
-0.00912714   2.88  5.7783    0.48126
-0.0063405    2.89  5.44875   0.501843
-0.00660992   2.9   5.1087    0.461261
-0.00506353   2.91  4.95759   0.450955
-0.00479364   2.92  4.64198   0.486825
-0.00540161   2.93  4.50786   0.471571
-0.00443983   2.94  4.58959   0.440625
-0.00359917   2.95  4.48085   0.431229
-0.00410557   2.96  4.21091   0.430303
-0.00511694   2.97  4.17248   0.415327
-0.00353861   2.98  4.1218    0.440983
7.58171e-05   2.99  3.86415   0.404009
0.00106192    3     4.02679   0.373158
0.00232697    3.01  3.96514   0.395469
0.00243282    3.02  3.91365   0.4227
0.00152397    3.03  3.77727   0.389664
0.00204897    3.04  3.69858   0.345174
0.00256014    3.05  3.63155   0.386285
0.00320435    3.06  3.5329    0.386689
0.00343037    3.07  3.69531   0.378212
0.00167513    3.08  3.49329   0.350705
-0.000142574  3.09  3.49424   0.375022
-0.000464439  3.1   3.33388   0.374366
0.000836372   3.11  3.24996   0.367464
-0.00154495   3.12  3.14685   0.37335
0.000583649   3.13  2.88536   0.349049
0.000762939   3.14  2.6511    0.352924
0.00028038    3.15  2.80604   0.328524
0.00028944    3.16  2.90182   0.346844
0.000219822   3.17  2.85721   0.334724
0.000272751   3.18  2.88579   0.310425
-0.000325203  3.19  2.65813   0.346511
-3.24249e-05  3.2   2.60695   0.318255
-0.00143671   3.21  2.62765   0.316161
-0.00201035   3.22  2.60618   0.319043
-0.00140285   3.23  2.53538   0.321773
-0.00281811   3.24  2.51389   0.319445
-0.00155306   3.25  2.4568    0.302922
-0.00221968   3.26  2.32684   0.308343
-0.000236511  3.27  2.3375    0.347534
-0.000364304  3.28  2.34541   0.312226
-0.001122     3.29  2.26919   0.28181
-0.000852585  3.3   2.10225   0.30661
-0.0014925    3.31  2.04863   0.275076
-0.00168037   3.32  2.12229   0.289604
-0.00137806   3.33  2.14289   0.283912
-0.000213146  3.34  2.06646   0.278351
-8.29697e-05  3.35  2.05323   0.272774
0.000133038   3.36  2.09499   0.285938
0.000274658   3.37  2.05072   0.25863
0.00154781    3.38  2.13892   0.283495
0.000627518   3.39  2.00303   0.268118
-0.000567436  3.4   2.01634   0.283733
0.000465393   3.41  1.86566   0.274347
0.000792503   3.42  1.80141   0.267982
0.00160122    3.43  1.87217   0.275458
0.00223732    3.44  1.8288    0.266535
0.000685215   3.45  1.80611   0.26439
-0.000139236  3.46  1.94392   0.266115
0.000760078   3.47  1.77412   0.25226
0.000927925   3.48  1.85517   0.250508
0.000135899   3.49  1.79202   0.243672
-0.000256062  3.5   1.7919    0.247293
-0.00124931   3.51  1.88178   0.233696
-0.00140142   3.52  1.77483   0.259571
-0.0002141    3.53  1.68638   0.251873
-0.000840187  3.54  1.64565   0.252492
-0.000657082  3.55  1.61233   0.234224
0.00015831    3.56  1.55374   0.23024
0.00136185    3.57  1.59615   0.226188
0.00139713    3.58  1.54599   0.23101
0.00190926    3.59  1.5283    0.231062
-1.81198e-05  3.6   1.53895   0.218749
-0.00157499   3.61  1.52023   0.230393
-0.000839233  3.62  1.47941   0.238854
-0.000118732  3.63  1.5018    0.220144
0.000586987   3.64  1.37526   0.22113
0.00140715    3.65  1.51335   0.207775
0.000543118   3.66  1.49556   0.223085
-0.00133371   3.67  1.43075   0.211818
0.000688553   3.68  1.47245   0.211952
-0.000172615  3.69  1.30918   0.200418
0.000200272   3.7   1.35458   0.209425
0.000732899   3.71  1.33378   0.208512
3.67165e-05   3.72  1.32774   0.203248
0.00117207    3.73  1.36478   0.210715
0.000516891   3.74  1.3405    0.218484
1.00136e-05   3.75  1.37301   0.203659
0.00074625    3.76  1.36171   0.207177
0.00237608    3.77  1.34841   0.196396
0.00116205    3.78  1.26053   0.200114
0.0010848     3.79  1.36181   0.201235
-0.000875473  3.8   1.31258   0.202776
0.00014019    3.81  1.31882   0.197273
0.000207424   3.82  1.2199    0.186133
0.000239372   3.83  1.15012   0.207559
-0.000687122  3.84  1.23709   0.205241
-0.00149775   3.85  1.27416   0.210146
-0.000966549  3.86  1.16865   0.195871
-0.000499249  3.87  1.18817   0.180541
-0.000536919  3.88  1.22682   0.181282
-0.00224972   3.89  1.18637   0.177689
-0.00189734   3.9   1.13368   0.191232
-0.000772953  3.91  1.06764   0.191177
-0.00144768   3.92  1.14818   0.170943
0.000222206   3.93  1.12676   0.181122
0.000675678   3.94  1.04445   0.174575
-5.43594e-05  3.95  1.06273   0.178261
-0.000614643  3.96  0.996355  0.189223
-0.00233841   3.97  1.02603   0.167477
-0.00134706   3.98  1.08265   0.195571
-0.00178623   3.99  1.08004   0.167552
-0.00100088   4     1.03586   0.159835
-0.000772953  4.01  1.05247   0.182542
-0.000669956  4.02  1.07963   0.172767
-0.000500202  4.03  1.02472   0.182085
0.000515461   4.04  1.07133   0.170697
0.00180817    4.05  1.0015    0.158687
0.00124454    4.06  1.01022   0.157981
0.000100613   4.07  0.970898  0.17174
0.0013299     4.08  1.01714   0.161906
0.000950813   4.09  1.02399   0.160229
0.0008955     4.1   1.01814   0.158939
0.000673771   4.11  1.0051    0.180069
0.00138903    4.12  1.0317    0.142546
-0.000496864  4.13  1.03631   0.159482
0.0004282     4.14  0.881245  0.155034
0.0010438     4.15  0.925743  0.154737
0.000742912   4.16  0.974641  0.158057
-0.00111961   4.17  0.970006  0.143227
-0.00112295   4.18  0.994387  0.155666
3.67165e-05   4.19  1.00181   0.165356
0.00129223    4.2   0.930691  0.153267
8.34465e-05   4.21  0.902642  0.142626
-0.000812054  4.22  0.933068  0.149668
-0.000444412  4.23  0.936949  0.133918
-0.000202179  4.24  0.894453  0.137693
-0.0012064    4.25  0.878959  0.149455
-0.000242233  4.26  0.882772  0.146121
-0.00114393   4.27  0.837437  0.143687
-0.00039196   4.28  0.938883  0.135051
-0.00150108   4.29  0.889765  0.152056
-0.000379562  4.3   0.904766  0.130683
-0.000854492  4.31  0.902275  0.141062
-0.00043726   4.32  0.909505  0.13627
-0.000195026  4.33  0.906129  0.155711
-0.000285625  4.34  0.902492  0.132821
0.000212193   4.35  0.806164  0.135279
-6.67572e-06  4.36  0.804929  0.140028
-0.000668049  4.37  0.86944   0.13984
-0.000236034  4.38  0.86856   0.134606
0.000776768   4.39  0.803447  0.132645
-1.00136e-05  4.4   0.876558  0.129159
0.00107145    4.41  0.773107  0.127255
0.00124264    4.42  0.792491  0.127939
0.00131798    4.43  0.809363  0.132323
-8.86917e-05  4.44  0.818753  0.13684
-0.000367165  4.45  0.69738   0.121912
0.000208855   4.46  0.686406  0.138079
0.000501633   4.47  0.751484  0.128989
-9.91821e-05  4.48  0.73126   0.124651
1.00136e-05   4.49  0.767048  0.129445
-0.00011158   4.5   0.773689  0.131107
-0.000963688  4.51  0.733552  0.120412
-0.000384808  4.52  0.765825  0.12703
0.0011673     4.53  0.721827  0.123233
5.19753e-05   4.54  0.72698   0.136822
0.000174522   4.55  0.753617  0.123033
0.0016098     4.56  0.7616    0.116319
0.00105906    4.57  0.682787  0.111288
0.000548363   4.58  0.736358  0.117032
0.00139952    4.59  0.734873  0.125197
0.000514984   4.6   0.68748   0.120013
0.00118351    4.61  0.682991  0.125362
0.000607014   4.62  0.697605  0.11937
-0.000646591  4.63  0.677575  0.120544
-0.00128508   4.64  0.716097  0.115131
0.000388622   4.65  0.633321  0.108552
0.00135517    4.66  0.741792  0.117477
0.000924587   4.67  0.688877  0.119922
0.000756264   4.68  0.694922  0.130242
-6.58035e-05  4.69  0.693499  0.114575
0.00105619    4.7   0.659621  0.114454
0.00182104    4.71  0.70924   0.107852
0.00095892    4.72  0.685878  0.111914
-0.000156403  4.73  0.638277  0.109412
0.00106955    4.74  0.672741  0.113897
0.00147152    4.75  0.637957  0.109149
0.000440598   4.76  0.692463  0.112401
0.000376701   4.77  0.583038  0.11515
0.0018034     4.78  0.656787  0.106888
0.00151062    4.79  0.620567  0.114001
0.00181437    4.8   0.635345  0.111973
0.00039196    4.81  0.64592   0.104801
0.000356674   4.82  0.599395  0.100612
0.0010972     4.83  0.688511  0.106044
-0.000620842  4.84  0.649506  0.105417
-0.000721931  4.85  0.616358  0.115393
-0.000238895  4.86  0.598354  0.107252
0.000116348   4.87  0.636851  0.106369
0.000977039   4.88  0.619623  0.103958
0.00167084    4.89  0.645587  0.107027
0.000957489   4.9   0.577852  0.0996572
-0.00118876   4.91  0.574486  0.102588
0.00105572    4.92  0.594587  0.100506
0.000348568   4.93  0.558575  0.0977766
0.0006423     4.94  0.54701   0.0991341
-0.00094223   4.95  0.568732  0.106645
-0.00044775   4.96  0.549241  0.102053
0.000126362   4.97  0.580991  0.0970727
0.00103474    4.98  0.635245  0.108567
-0.000831604  4.99  0.555142  0.100892
-0.00140047   5     0.543406  0.09737
